8 8 10 10 12 12 15 16 16 16 18 18 25 25 23 23 23 23 22 22 22 21 21 19 19 21 19 19 19 21 21 21 22 22 23 22 22 21 21 19 19 19 18 18 16 16 16 16 18 18 18 19 19 19 21 21 22 22 22 23 23 25 25 27 27 28 28 28 29 29 29 25 23 23 22 22 22 21 27 25 25 25 23 23 23 22 22 21 21 19 19 19 18 18 19 19 21 21 21 21 21 22 22 23 23 23 23 25 25 25 27 27 27 28 28 28 28 29 29 29 29 19 19 21 21 21 22 22 23 23 23 25 25 25 25 27 27 28 28 28 29 29 29 29 30 30 30 38 58 68 78 48 48 48 48 48 19 16 21 18 19 19 18 28 29
8 8 8 10 10 12 15 15 16 16 16 18 25 23 23 23 22 22 22 22 21 21 21 19 19 19 18 19 19 19 21 21 21 22 22 22 22 21 21 19 19 18 18 16 16 16 16 16 16 18 18 18 19 19 21 21 21 22 22 23 23 25 25 25 27 27 28 28 29 29 29 23 23 22 22 22 21 21 25 25 25 23 23 23 22 22 22 21 21 19 19 18 18 18 19 19 19 21 21 21 21 22 22 22 23 23 23 25 25 25 25 27 27 27 28 28 28 28 29 29 29 18 19 19 21 21 22 22 22 23 23 23 25 25 25 27 27 27 28 28 28 29 29 29 30 30 30 36 56 66 76 48 48 48 48 48 18 15 21 16 18 18 18 28 29
10 8 8 8 10 10 12 15 15 16 16 18 25 23 23 22 22 22 22 21 21 21 19 19 18 19 18 18 19 19 19 21 21 22 22 22 21 21 19 19 18 18 16 16 16 15 15 16 16 16 18 18 18 19 19 21 21 21 22 22 23 23 25 25 25 27 28 28 28 29 29 23 22 22 22 21 21 21 25 25 23 23 23 22 22 22 21 21 19 19 18 18 18 18 18 19 19 19 21 19 21 21 21 22 22 22 23 23 25 25 25 25 27 27 27 28 28 28 28 29 29 18 19 19 19 21 21 21 22 22 23 23 23 25 25 25 27 27 27 28 28 28 29 29 29 30 30 36 56 66 76 48 48 48 48 48 18 15 19 16 18 18 16 28 29
10 10 8 8 8 10 10 15 15 15 16 16 23 23 22 22 22 22 21 21 19 19 19 18 18 19 18 18 18 19 19 19 21 21 21 21 21 19 19 18 18 16 16 16 15 15 15 15 16 16 16 18 18 18 19 19 21 21 21 22 22 23 23 25 25 27 27 28 28 28 29 22 22 22 21 21 21 19 25 25 23 23 22 22 22 21 21 19 19 18 18 18 16 16 18 18 19 19 19 19 19 21 21 22 22 22 22 23 23 25 25 25 25 27 27 27 28 28 28 28 29 18 18 19 19 19 21 21 22 22 22 22 23 23 25 25 25 27 27 28 28 28 29 29 29 29 30 36 56 66 76 48 48 48 48 48 18 15 19 16 18 18 16 28 29
12 10 10 8 8 8 10 12 15 15 15 16 23 22 22 22 21 21 21 19 19 19 18 18 18 18 16 18 18 18 19 19 19 21 21 21 19 19 18 18 18 16 16 15 15 15 15 15 15 16 16 16 18 18 18 19 19 19 21 22 22 23 23 25 25 27 27 27 28 28 28 22 22 21 21 19 19 19 25 23 23 22 22 22 21 21 19 19 18 18 16 16 16 16 16 18 18 18 19 19 19 19 21 21 21 22 22 22 23 23 23 25 25 27 27 27 27 27 28 28 28 16 18 18 19 19 19 21 21 22 22 22 23 23 23 25 25 25 27 27 28 28 28 29 29 29 29 35 55 65 75 47 47 47 47 47 16 12 19 15 16 16 16 27 28
12 12 10 10 8 8 8 12 12 15 15 15 22 22 22 21 21 21 19 19 19 18 18 18 16 18 16 16 16 18 18 19 19 19 21 19 19 19 18 18 16 16 15 15 15 12 12 15 15 15 16 16 16 18 18 18 19 19 21 21 22 22 23 23 25 25 27 27 27 28 28 22 21 21 21 19 19 18 23 23 22 22 22 21 21 21 19 19 18 16 16 16 15 16 16 16 18 18 19 18 19 19 19 21 21 21 22 22 22 23 23 25 25 25 25 27 27 27 27 28 28 16 16 18 18 19 19 19 21 21 21 22 22 23 23 23 25 25 25 27 27 28 28 28 29 29 29 35 55 65 75 47 47 47 47 47 16 12 18 15 16 16 15 27 28
15 15 12 10 10 8 8 10 10 12 12 15 22 21 21 21 19 19 19 19 18 18 18 16 16 16 15 16 16 16 18 18 18 19 19 19 19 18 18 16 16 15 15 12 12 10 10 12 12 15 15 15 16 16 16 18 18 19 19 21 21 22 22 23 23 25 25 27 27 27 28 21 21 19 19 19 18 18 23 22 22 21 21 21 19 19 19 18 16 16 16 15 15 15 15 16 16 18 18 18 18 18 19 19 19 21 21 21 22 22 23 23 23 25 25 25 27 27 27 27 28 16 16 16 18 18 19 19 19 21 21 21 22 22 22 23 23 25 25 27 27 27 28 28 28 29 29 32 52 62 72 47 47 47 47 47 15 10 18 12 15 15 15 27 28
16 15 15 15 12 12 10 8 8 10 10 12 21 21 19 19 19 18 18 18 16 16 16 15 15 16 12 15 15 16 16 16 18 18 18 18 18 16 16 15 15 12 12 10 10 8 8 10 10 12 12 15 15 15 16 16 16 18 18 19 19 21 21 22 22 23 25 25 25 27 27 19 19 19 18 18 16 16 22 21 21 21 19 19 19 18 18 16 16 15 15 12 12 12 15 15 15 16 16 16 16 18 18 18 19 19 19 21 21 21 22 22 23 23 23 25 25 25 25 27 27 15 15 15 16 16 18 18 18 19 19 19 21 21 22 22 23 23 23 25 25 27 27 27 28 28 28 30 50 60 70 45 45 45 45 45 12 8 16 10 12 15 12 25 27
16 16 15 15 15 12 10 8 8 8 8 10 21 19 19 19 18 18 18 16 16 16 15 15 15 15 12 12 15 15 16 16 16 18 18 18 18 18 16 16 15 15 12 12 10 10 10 10 12 12 15 15 15 16 16 18 18 18 19 19 21 21 22 22 23 25 25 25 27 27 27 21 19 19 19 18 18 16 22 22 21 21 21 19 19 19 18 18 16 15 15 15 15 15 15 15 16 16 16 16 16 16 18 18 18 19 19 19 21 21 21 22 22 23 23 23 25 25 25 25 27 15 15 16 16 18 18 18 19 19 19 21 21 22 22 22 23 23 25 25 27 27 27 28 28 28 29 32 52 62 72 45 45 45 45 45 12 8 16 12 15 15 12 25 27
16 16 16 15 15 15 12 10 8 8 8 10 19 19 19 18 18 18 16 16 16 15 15 15 12 15 10 12 12 15 15 16 16 16 18 19 18 18 16 16 16 15 15 12 12 10 10 12 12 15 15 15 16 16 16 18 18 18 19 21 21 22 22 23 23 25 25 27 27 27 28 21 21 19 19 19 18 18 23 22 22 21 21 21 19 19 18 18 16 16 15 15 15 15 15 16 16 16 16 15 16 16 16 18 18 18 19 19 19 21 21 21 22 22 23 23 23 25 25 25 27 16 16 16 18 18 18 19 19 21 21 21 22 22 22 23 23 25 25 27 27 27 28 28 28 29 29 32 52 62 72 47 47 47 47 47 10 10 15 12 15 15 15 27 27
18 16 16 16 15 15 12 10 8 8 8 8 19 19 18 18 18 16 16 16 15 15 15 12 12 15 10 12 12 15 15 15 16 16 16 19 19 18 18 16 16 15 15 15 12 12 12 12 12 15 15 16 16 16 18 18 18 19 19 21 21 22 22 23 23 25 27 27 27 28 28 21 21 21 19 19 18 18 23 22 22 22 21 21 21 19 19 18 18 16 16 15 15 15 16 16 16 16 15 15 15 16 16 16 18 18 18 19 19 19 21 21 22 22 22 23 23 23 25 25 25 16 16 16 18 18 19 19 19 21 21 21 22 22 23 23 25 25 25 27 27 27 28 28 28 29 29 32 52 62 72 47 47 47 47 47 10 10 15 12 15 16 15 27 25
18 18 18 16 16 15 15 12 10 10 8 8 19 18 18 16 16 16 15 15 15 15 12 10 10 12 8 10 10 12 12 15 15 15 16 21 19 19 18 18 16 16 16 15 15 12 12 15 15 15 16 16 16 18 18 19 19 19 21 21 22 22 23 23 25 25 27 27 28 28 28 22 21 21 21 19 19 19 23 23 23 22 22 21 21 21 19 19 18 18 16 16 16 16 16 16 15 15 15 12 15 15 15 16 16 16 18 18 19 19 19 21 21 22 22 22 23 23 23 25 25 16 18 18 19 19 19 21 21 21 22 22 22 23 23 25 25 25 27 27 27 28 28 28 29 29 29 35 55 65 75 47 47 47 47 47 8 12 12 15 16 16 15 27 25
25 25 25 23 23 22 22 21 21 19 19 19 8 8 10 10 12 12 15 15 15 15 16 16 18 18 18 18 19 19 21 21 21 22 22 27 27 25 25 25 23 23 23 22 22 21 21 22 22 22 23 23 23 23 25 25 25 27 27 27 28 28 29 29 29 30 30 30 30 30 30 28 27 27 27 27 25 25 29 29 28 28 28 27 27 27 27 25 25 23 23 23 22 22 21 21 21 19 19 19 19 19 21 21 21 22 22 22 23 23 23 25 25 25 27 27 27 27 28 28 28 23 23 25 25 25 27 27 27 27 28 28 28 28 29 29 29 30 30 30 30 30 30 30 30 30 30 42 62 72 82 50 50 50 50 50 18 21 19 22 23 23 22 30 28
25 23 23 23 22 22 21 21 19 19 19 18 8 8 8 10 10 10 12 12 15 15 15 16 16 18 18 18 18 19 19 21 21 21 22 27 27 25 25 23 23 23 22 22 21 21 21 21 22 22 22 22 23 23 23 25 25 25 27 27 27 28 28 29 29 29 30 30 30 30 30 28 27 27 27 25 25 25 29 28 28 28 27 27 27 27 25 25 23 23 23 22 22 21 21 21 19 19 18 18 18 19 19 21 21 21 22 22 22 23 23 23 25 25 25 27 27 27 27 28 28 23 23 23 25 25 25 25 27 27 27 27 28 28 28 29 29 29 30 30 30 30 30 30 30 30 30 42 62 72 82 50 50 50 50 50 18 21 18 22 22 22 22 30 28
23 23 23 22 22 22 21 19 19 19 18 18 10 8 8 8 8 10 10 12 12 15 15 15 16 16 16 18 18 18 19 19 19 21 21 25 25 25 23 23 23 22 22 21 21 21 21 21 21 21 22 22 22 23 23 25 25 25 25 27 27 28 28 28 29 29 30 30 30 30 30 27 27 27 25 25 25 23 28 28 28 27 27 27 27 25 25 25 23 22 22 22 22 21 21 19 19 18 18 18 18 18 19 19 19 21 21 21 22 22 23 23 23 25 25 25 27 27 27 27 28 22 22 23 23 25 25 25 27 27 27 27 28 28 28 28 29 29 29 30 30 30 30 30 30 30 30 41 61 71 81 50 50 50 50 50 16 19 18 21 22 22 21 30 28
23 23 22 22 22 21 21 19 19 18 18 16 10 10 8 8 8 8 10 10 12 12 15 15 15 16 16 16 18 18 19 19 19 21 21 25 25 25 23 23 22 22 21 21 21 19 19 21 21 21 21 22 22 22 23 23 25 25 25 27 27 27 28 28 28 29 29 30 30 30 30 27 27 25 25 25 25 23 28 28 27 27 27 27 25 25 25 23 23 22 22 22 21 21 19 19 19 18 18 16 18 18 19 19 19 19 21 21 22 22 22 23 23 25 25 25 25 27 27 27 28 22 22 23 23 23 25 25 25 27 27 27 27 28 28 28 29 29 29 30 30 30 30 30 30 30 30 41 61 71 81 50 50 50 50 50 16 19 16 21 22 22 21 30 28
23 22 22 22 21 21 19 19 18 18 18 16 12 10 8 8 8 8 8 10 10 12 12 15 15 16 16 16 16 18 18 19 19 19 21 25 25 23 23 22 22 22 21 21 19 19 19 19 21 21 21 21 22 22 23 23 23 25 25 25 27 27 27 28 28 29 29 29 30 30 30 27 25 25 25 25 23 23 28 28 27 27 27 25 25 25 25 23 22 22 22 21 21 19 19 19 18 18 16 16 18 18 18 19 19 19 21 21 21 22 22 22 23 23 25 25 25 25 27 27 27 22 22 22 23 23 25 25 25 25 27 27 27 27 28 28 28 29 29 29 30 30 30 30 30 30 30 41 61 71 81 49 49 49 49 49 16 19 16 21 21 21 21 29 27
23 22 22 22 21 21 19 18 18 18 16 16 12 10 10 8 8 8 8 10 10 10 12 15 15 16 15 16 16 18 18 18 19 19 19 25 25 23 23 22 22 21 21 21 19 19 19 19 19 21 21 21 21 22 22 23 23 23 25 25 25 27 27 28 28 29 29 29 30 30 30 27 25 25 25 23 23 23 28 27 27 27 25 25 25 25 23 23 22 22 21 21 21 19 19 18 18 18 16 16 16 18 18 18 19 19 19 21 21 21 22 22 23 23 23 25 25 25 25 27 27 21 22 22 23 23 23 25 25 25 25 27 27 27 28 28 28 29 29 29 29 30 30 30 30 30 30 39 59 69 79 49 49 49 49 49 15 18 16 19 21 21 21 29 27
22 22 22 21 21 19 19 18 18 16 16 15 15 12 10 10 8 8 8 8 8 10 10 12 15 15 15 15 16 16 18 18 18 19 19 25 23 23 22 22 21 21 19 19 19 18 18 19 19 19 21 21 21 21 22 22 23 23 23 25 25 27 27 27 28 28 29 29 29 30 30 25 25 25 23 23 23 22 27 27 27 25 25 25 25 23 23 22 22 21 21 21 19 19 18 18 18 16 16 16 16 16 18 18 18 19 19 19 21 21 21 22 22 23 23 23 25 25 25 25 27 21 21 22 22 22 23 23 25 25 25 25 27 27 27 28 28 28 29 29 29 29 30 30 30 30 30 39 59 69 79 49 49 49 49 49 15 18 16 19 21 21 19 29 27
22 22 21 21 19 19 19 18 16 16 16 15 15 12 12 10 10 10 8 8 8 8 10 12 12 15 15 15 15 16 16 18 18 18 19 23 23 22 22 22 21 21 19 19 18 18 18 19 19 19 19 19 21 21 22 22 22 23 23 25 25 25 27 27 27 28 29 29 29 29 30 25 25 23 23 23 22 22 27 27 27 25 25 25 23 23 23 22 22 21 21 19 19 18 18 18 16 16 16 15 16 16 16 18 18 18 19 19 19 21 21 21 22 22 23 23 23 25 25 25 27 21 21 21 22 22 23 23 23 25 25 25 25 27 27 27 28 28 28 29 29 29 30 30 30 30 30 39 59 69 79 49 49 49 49 49 15 18 15 19 19 19 19 29 27
22 21 21 19 19 19 18 16 16 16 15 15 15 15 12 12 10 10 8 8 8 8 8 10 12 15 12 15 15 16 16 16 18 18 18 23 23 22 22 21 21 19 19 19 18 18 18 18 18 18 19 19 19 21 21 22 22 22 23 23 25 25 25 27 27 28 29 29 29 29 30 25 23 23 23 22 22 22 27 27 25 25 25 23 23 23 22 22 21 21 19 19 19 18 18 16 16 16 15 15 15 16 16 16 18 18 18 19 19 19 21 21 22 22 22 23 23 23 25 25 25 19 21 21 22 22 22 23 23 23 25 25 25 25 27 27 28 28 28 29 29 29 29 30 30 30 30 38 58 68 78 49 49 49 49 49 12 16 15 18 19 19 18 29 25
21 21 21 19 19 18 18 16 16 15 15 15 15 15 15 12 12 10 10 8 8 8 8 10 10 12 12 15 15 15 16 16 16 18 18 23 22 22 21 21 19 19 19 18 18 18 18 18 18 18 19 19 19 21 21 21 22 22 23 23 25 25 25 27 27 28 28 29 29 29 29 25 23 23 23 22 22 21 27 25 25 25 25 23 23 22 22 21 21 19 19 19 18 18 16 16 16 15 15 15 15 15 16 16 16 18 18 18 19 19 19 21 21 22 22 22 23 23 23 25 25 19 19 21 21 22 22 22 23 23 23 25 25 25 27 27 27 28 28 29 29 29 29 30 30 30 30 38 58 68 78 49 49 49 49 49 12 16 15 18 19 19 18 29 25
21 21 19 19 18 18 18 16 15 15 15 12 16 15 15 15 12 12 10 10 8 8 8 8 10 12 10 12 12 15 15 16 16 16 18 22 22 21 21 21 19 19 18 18 18 16 16 18 18 18 18 19 19 19 21 21 21 22 22 23 23 25 25 25 27 27 28 28 29 29 29 23 23 23 22 22 21 21 27 25 25 25 23 23 22 22 22 21 21 19 19 18 18 16 16 16 15 15 15 12 15 15 15 16 16 16 18 18 18 19 19 21 21 21 22 22 22 23 23 23 25 19 19 19 21 21 22 22 22 23 23 23 25 25 25 27 27 27 28 28 28 29 29 29 30 30 30 28 28 28 28 28 28 28 28 28 10 16 12 18 18 19 18 28 25
19 19 19 18 18 18 16 15 15 15 12 10 16 16 15 15 15 15 12 12 10 10 8 8 8 10 10 10 12 12 15 15 15 16 16 22 22 21 21 19 19 18 18 16 16 16 16 16 16 16 18 18 18 19 19 21 21 21 22 22 23 23 25 25 25 27 28 28 28 29 29 23 22 22 22 21 21 21 25 25 23 23 23 22 22 22 21 21 19 18 18 18 18 16 16 15 15 15 12 10 12 15 15 15 16 16 16 16 18 18 19 19 19 21 21 22 22 22 23 23 25 18 18 19 19 21 21 21 22 22 23 23 23 25 25 25 27 27 27 28 28 28 29 29 29 30 30 36 56 66 76 48 48 48 48 48 10 15 10 16 18 18 16 28 25
19 19 18 18 18 16 16 15 15 12 12 10 18 16 16 15 15 15 15 12 12 10 10 8 8 8 8 10 10 12 15 15 15 16 16 22 21 21 19 19 18 18 16 16 16 15 15 16 16 16 16 18 18 18 19 19 21 21 21 22 22 23 23 25 25 27 27 28 28 28 29 23 22 22 21 21 21 19 25 25 23 23 22 22 22 21 21 19 19 18 18 18 16 16 15 15 15 12 10 10 10 12 15 15 15 16 16 16 18 18 18 19 19 21 21 21 22 22 22 23 23 18 18 19 19 19 21 21 22 22 22 22 23 23 25 25 25 27 27 28 28 28 29 29 29 29 30 36 56 66 76 48 48 48 48 48 8 15 10 16 18 18 16 28 23
21 19 19 19 18 18 16 16 15 15 15 12 18 18 16 16 16 16 15 15 15 12 12 10 8 8 10 12 12 15 15 16 16 16 18 22 22 21 21 19 19 19 18 18 16 16 16 16 18 15 16 16 16 18 18 19 19 19 21 21 22 22 23 23 25 25 27 27 28 28 28 22 21 21 21 19 19 19 23 23 22 22 22 21 21 21 19 19 18 18 16 16 16 15 15 12 12 10 8 8 8 10 12 12 15 15 15 16 16 16 18 18 18 19 19 21 21 21 22 22 23 16 18 18 18 19 19 19 21 21 22 22 22 23 23 23 25 25 27 28 28 28 28 28 29 29 29 38 58 68 78 47 47 47 47 47 10 16 8 18 16 16 15 27 23
19 18 18 18 16 16 15 12 12 10 10 8 18 18 16 16 16 15 15 15 12 12 10 10 8 10 8 8 8 10 12 12 15 15 15 21 21 19 19 18 18 16 16 16 15 15 15 15 15 16 16 18 18 18 19 19 19 21 21 22 22 23 23 25 25 27 27 28 28 28 29 22 22 22 21 21 19 19 25 23 23 23 22 22 21 21 21 19 19 18 18 16 16 16 16 15 15 15 12 12 12 15 15 15 16 16 16 18 18 18 19 19 21 21 21 22 22 22 23 23 25 18 18 18 19 19 21 21 21 22 22 22 23 23 25 25 25 27 27 28 28 28 28 29 29 29 30 35 55 65 75 48 48 48 48 48 8 12 12 15 16 18 16 28 25
19 19 18 18 18 16 16 15 12 12 12 10 18 18 18 16 16 16 15 15 15 15 12 10 10 12 8 8 8 10 10 12 12 15 15 21 21 21 19 19 18 18 16 16 16 15 15 16 16 16 18 18 18 19 19 19 21 21 22 22 23 23 25 25 25 27 28 28 28 29 29 23 22 22 22 21 21 19 25 25 23 23 23 22 22 22 21 21 19 18 18 18 16 18 16 16 15 15 15 12 15 15 15 16 16 16 18 18 19 19 19 21 21 22 22 22 23 23 23 25 25 18 18 19 19 21 21 21 22 22 22 23 23 25 25 25 27 27 27 28 28 28 29 29 29 30 30 36 56 66 76 48 48 48 48 48 8 15 12 16 18 18 16 28 25
19 19 19 18 18 16 16 15 15 12 12 10 19 18 18 18 16 16 16 15 15 15 12 12 10 12 8 8 8 8 10 10 12 12 15 22 21 21 19 19 18 18 18 16 16 15 16 16 16 18 18 18 18 19 19 21 21 21 22 22 23 23 25 25 27 27 28 28 28 29 29 23 22 22 22 21 21 21 25 25 25 23 23 23 22 22 21 21 19 19 18 18 18 18 16 16 16 15 15 15 15 15 16 16 16 18 18 18 19 19 19 21 21 22 22 22 23 23 23 25 25 18 19 19 21 21 21 22 22 22 23 23 23 25 25 25 27 27 27 28 28 29 29 29 29 30 30 36 56 66 76 48 48 48 48 48 8 15 15 16 18 18 18 28 25
21 19 19 19 18 18 16 16 15 15 15 12 19 19 18 18 18 18 16 16 16 15 15 12 12 15 10 10 8 8 8 10 10 12 12 22 22 21 21 19 19 18 18 18 16 16 16 16 18 18 18 19 19 19 21 21 21 22 22 23 23 25 25 27 27 28 28 28 29 29 29 23 23 23 22 22 22 21 27 25 25 25 23 23 23 22 22 21 21 19 19 19 18 18 18 18 16 16 15 15 15 16 16 18 18 18 18 19 19 21 21 21 22 22 23 23 23 25 25 25 27 19 19 21 21 21 22 22 23 23 23 23 25 25 25 27 27 27 28 28 29 29 29 29 30 30 30 38 58 68 78 48 48 48 48 48 10 16 15 18 19 19 18 28 27
21 21 19 19 19 18 18 16 16 15 15 12 21 19 19 19 18 18 18 16 16 16 15 15 15 15 12 10 10 8 8 8 8 10 12 23 22 22 21 21 19 19 18 18 18 16 16 18 18 18 19 19 19 21 21 22 22 22 23 23 25 25 25 27 27 28 29 29 29 29 30 25 23 23 23 22 22 22 27 27 25 25 25 23 23 23 22 22 21 21 19 19 19 19 18 18 18 16 16 16 16 16 18 18 18 19 19 19 21 21 21 22 22 23 23 23 25 25 25 25 27 19 21 21 21 22 22 23 23 23 25 25 25 25 27 27 28 28 28 29 29 29 29 30 30 30 30 38 58 68 78 49 49 49 49 49 12 16 16 18 19 19 18 29 27
21 21 21 19 19 19 18 16 16 16 15 15 21 21 19 19 19 18 18 18 16 16 16 15 15 16 12 12 10 10 8 8 8 10 10 23 23 22 22 21 21 19 19 18 18 18 18 18 18 19 19 19 21 21 22 22 22 23 23 25 25 25 27 27 27 28 29 29 29 29 30 25 25 23 23 23 22 22 27 27 27 25 25 25 23 23 23 22 22 21 21 19 19 19 19 18 18 18 16 16 16 18 18 18 19 19 19 21 21 21 22 22 23 23 23 25 25 25 25 27 27 21 21 21 22 22 23 23 23 25 25 25 25 27 27 27 28 28 28 29 29 29 30 30 30 30 30 38 58 68 78 49 49 49 49 49 12 16 16 18 19 19 19 29 27
22 21 21 21 19 19 18 18 16 16 16 15 21 21 19 19 19 19 18 18 18 16 16 15 15 16 15 12 12 10 8 8 8 8 10 23 23 22 22 21 21 19 19 19 18 18 18 18 19 19 19 21 21 21 22 22 23 23 23 25 25 27 27 27 28 28 29 29 29 30 30 25 25 25 23 23 23 22 27 27 27 25 25 25 25 23 23 22 22 21 21 21 19 19 19 19 18 18 16 16 16 18 18 19 19 19 21 21 21 22 22 22 23 23 25 25 25 25 27 27 27 21 21 22 22 22 23 23 25 25 25 25 27 27 27 27 28 28 29 29 29 29 30 30 30 30 30 39 59 69 79 49 49 49 49 49 15 18 16 19 21 21 19 29 27
22 22 22 21 21 19 19 18 18 16 16 15 22 21 21 21 19 19 19 18 18 18 16 16 16 16 15 15 12 12 10 10 8 8 8 25 23 23 22 22 21 21 19 19 19 18 18 19 19 19 21 21 21 22 22 23 23 23 25 25 25 27 27 28 28 29 29 29 30 30 30 27 25 25 25 23 23 23 28 27 27 27 25 25 25 25 23 23 22 22 21 21 21 21 19 19 19 18 18 18 18 18 19 19 19 21 21 21 22 22 22 23 23 25 25 25 25 27 27 27 28 21 22 22 23 23 23 25 25 25 25 27 27 27 27 28 28 29 29 29 29 30 30 30 30 30 30 39 59 69 79 49 49 49 49 49 15 18 18 19 21 21 19 29 28
23 22 22 21 21 21 19 18 18 18 16 16 22 22 21 21 21 19 19 19 18 18 18 16 16 18 15 15 15 12 12 10 10 8 8 25 25 23 23 22 22 21 21 21 19 19 19 19 19 21 21 22 22 22 23 23 23 25 25 25 27 27 28 28 28 29 29 30 30 30 30 27 25 25 25 25 23 23 28 28 27 27 27 25 25 25 25 23 23 22 22 21 21 21 21 19 19 19 18 18 18 19 19 19 21 21 21 22 22 22 23 23 25 25 25 25 27 27 27 27 28 22 22 22 23 23 25 25 25 25 27 27 27 27 28 28 29 29 29 29 30 30 30 30 30 30 30 39 59 69 79 50 50 50 50 50 15 18 18 19 21 22 21 30 28
22 22 22 21 21 19 19 18 18 19 19 21 27 27 25 25 25 25 25 23 23 23 22 22 22 22 21 21 22 22 23 23 23 25 25 8 8 10 10 12 15 15 16 16 16 18 18 19 19 19 21 21 21 22 22 23 23 23 25 25 25 27 27 28 28 29 29 29 30 30 30 27 25 25 25 23 23 23 28 27 27 27 25 25 25 25 23 23 22 22 21 21 21 21 21 22 22 22 23 23 23 23 25 25 25 25 27 27 27 27 28 28 28 29 29 29 29 29 30 30 30 21 22 22 23 23 23 25 25 25 25 27 27 27 27 28 28 29 29 29 29 30 30 30 30 30 30 39 59 69 79 49 49 49 49 49 21 18 23 19 21 21 19 29 30
22 22 21 21 19 19 19 18 18 18 19 19 27 27 25 25 25 25 23 23 23 22 22 22 21 22 21 21 21 22 22 23 23 23 25 8 8 8 10 12 12 15 15 16 16 16 18 19 19 19 21 21 21 22 22 22 23 23 25 25 25 27 27 27 28 28 29 29 29 30 30 25 25 25 23 23 23 22 28 27 27 27 25 25 25 23 23 22 22 21 21 21 19 21 21 21 22 22 22 22 23 23 23 25 25 25 25 27 27 27 27 28 28 28 29 29 29 29 29 30 30 21 21 22 22 23 23 23 25 25 25 25 27 27 27 28 28 28 29 29 29 30 30 30 30 30 30 39 59 69 79 49 49 49 49 49 21 18 22 19 21 21 19 29 30
21 21 21 19 19 19 18 16 18 18 18 19 25 25 25 25 23 23 23 22 22 22 21 21 21 21 19 21 21 21 22 22 22 23 23 10 8 8 8 10 10 12 15 15 16 16 18 18 18 19 19 19 19 21 21 22 22 22 23 25 25 25 25 27 27 28 29 29 29 29 30 25 25 23 23 22 22 22 27 27 25 25 25 25 23 23 22 22 21 21 19 19 19 19 19 19 21 21 22 22 22 22 23 23 23 25 25 25 25 27 27 27 28 28 28 28 29 29 29 29 30 19 21 21 22 22 22 23 23 23 25 25 25 27 27 27 28 28 28 29 29 29 30 30 30 30 30 38 58 68 78 49 49 49 49 49 19 16 22 18 19 19 19 29 30
21 21 19 19 18 18 18 16 16 16 18 18 25 25 23 23 23 23 22 22 22 21 21 21 19 21 19 19 19 21 21 22 22 22 23 10 10 8 8 8 10 12 12 15 15 15 16 18 18 18 19 19 19 21 21 21 22 22 23 23 23 25 25 27 27 28 28 29 29 29 29 25 23 23 22 22 22 21 27 25 25 25 23 23 23 22 22 21 21 19 19 19 18 19 19 19 21 21 21 21 22 22 22 23 23 23 25 25 25 25 27 27 27 28 28 28 28 29 29 29 29 19 19 21 21 22 22 22 23 23 23 25 25 25 27 27 27 28 28 28 29 29 29 30 30 30 30 38 58 68 78 49 49 49 49 49 19 16 21 18 19 19 18 29 29
19 19 19 18 18 18 16 15 16 16 16 18 25 23 23 23 22 22 22 22 21 21 21 19 19 19 18 19 19 19 21 21 21 22 22 12 12 10 8 8 8 10 12 12 15 15 16 16 16 18 18 18 19 19 21 21 21 22 22 23 23 25 25 25 27 27 28 28 29 29 29 23 23 22 22 22 21 21 25 25 25 23 23 23 22 22 22 21 19 19 19 18 18 18 19 19 19 21 21 21 21 22 22 22 23 23 23 23 25 25 25 27 27 27 28 28 28 28 29 29 29 19 19 19 21 21 22 22 22 23 23 23 25 25 25 25 27 27 28 28 28 29 29 29 30 30 30 36 56 66 76 48 48 48 48 48 18 15 21 16 18 18 18 28 29
19 19 18 18 18 16 16 15 15 16 16 16 23 23 23 22 22 22 21 21 21 19 19 19 18 19 18 18 18 19 19 21 21 21 22 15 12 10 10 8 8 8 10 10 12 12 15 16 16 16 18 18 18 19 19 19 21 21 22 22 23 23 25 25 25 27 28 28 28 29 29 23 22 22 22 21 21 19 25 25 23 23 23 22 22 22 21 21 19 18 18 18 16 18 18 18 19 19 21 19 21 21 21 22 22 22 23 23 23 25 25 25 27 27 27 27 28 28 28 28 29 18 18 19 19 21 21 21 22 22 22 23 23 25 25 25 27 27 27 28 28 28 29 29 29 30 30 36 56 66 76 48 48 48 48 48 18 15 19 16 18 18 16 28 29
19 18 18 16 16 16 15 12 15 15 15 16 23 23 22 22 22 21 21 21 19 19 19 18 18 19 16 18 18 18 19 19 19 21 21 15 15 12 12 10 8 8 8 10 10 12 15 15 15 16 16 16 18 18 19 19 19 21 21 22 22 23 23 25 25 27 27 28 28 28 29 22 22 21 21 21 19 19 25 23 23 23 22 22 21 21 21 19 19 18 18 16 16 16 18 18 18 19 19 19 19 21 21 21 22 22 22 23 23 23 25 25 25 27 27 27 27 28 28 28 29 18 18 18 19 19 21 21 21 22 22 22 23 23 23 25 25 27 27 27 28 28 28 29 29 29 30 35 55 65 75 48 48 48 48 48 16 12 19 15 16 16 16 28 29
18 18 16 16 16 15 15 12 12 15 15 16 23 22 22 21 21 21 19 19 19 19 18 18 16 18 16 16 18 18 18 19 19 19 21 16 15 15 12 12 10 8 8 8 10 10 12 15 15 15 16 16 16 18 18 19 19 19 21 21 22 22 23 23 25 25 27 27 28 28 28 22 21 21 21 19 19 19 23 23 22 22 22 21 21 21 19 19 18 18 16 16 16 16 16 18 18 18 19 18 19 19 19 21 21 21 22 22 23 23 23 25 25 25 27 27 27 27 28 28 28 16 16 18 18 19 19 19 21 21 22 22 22 23 23 23 25 25 27 27 27 28 28 28 29 29 29 35 55 65 75 47 47 47 47 47 16 12 18 15 16 16 15 27 28
18 16 16 16 15 15 12 10 12 12 15 15 22 22 21 21 21 21 19 19 19 18 18 16 16 18 16 16 16 18 18 18 19 19 21 16 16 15 15 12 10 10 8 8 8 10 12 12 15 15 15 16 16 16 18 18 19 19 19 21 21 22 22 23 23 25 27 27 27 28 28 22 21 21 19 19 19 18 23 23 22 22 21 21 21 19 19 18 18 16 16 16 15 15 16 16 18 18 18 18 18 19 19 21 21 21 21 22 22 23 23 23 25 25 25 27 27 27 27 28 28 16 16 18 18 18 19 19 21 21 21 22 22 22 23 23 25 25 25 27 27 27 28 28 29 29 29 35 55 65 75 47 47 47 47 47 16 10 18 15 16 16 15 27 28
16 16 16 15 15 15 12 10 10 12 12 15 22 21 21 21 19 19 19 18 18 18 18 16 16 16 15 16 16 16 18 18 18 19 19 16 16 16 15 15 12 10 10 8 8 8 10 12 12 15 15 15 16 16 16 18 18 18 19 21 21 22 22 23 23 25 25 27 27 27 28 21 21 19 19 19 18 18 23 22 22 21 21 21 19 19 19 18 16 16 16 15 15 15 15 16 16 16 18 18 18 18 19 19 19 21 21 21 22 22 23 23 23 25 25 25 25 27 27 27 28 16 16 16 18 18 18 19 19 21 21 21 22 22 22 23 23 25 25 27 27 27 28 28 28 29 29 32 52 62 72 47 47 47 47 47 15 10 18 12 15 15 15 27 28
16 16 15 15 15 12 10 8 10 10 12 12 21 21 21 19 19 19 18 18 18 18 16 16 15 16 15 15 15 16 16 18 18 18 19 18 16 16 15 15 12 12 10 10 8 8 10 10 12 12 15 15 15 16 16 16 18 18 19 19 21 21 22 22 23 25 25 25 27 27 27 21 19 19 19 18 18 16 22 22 21 21 21 19 19 19 18 18 16 15 15 15 12 15 15 15 16 16 18 16 18 18 18 19 19 19 21 21 21 22 22 23 23 25 25 25 25 25 27 27 27 15 15 16 16 18 18 18 19 19 19 21 21 22 22 22 23 23 25 25 27 27 27 28 28 28 29 32 52 62 72 45 45 45 45 45 15 8 16 12 15 15 12 25 27
16 16 15 15 15 12 10 8 10 10 12 12 21 21 21 19 19 19 18 18 18 18 16 16 15 16 15 15 16 16 16 18 18 18 19 18 18 18 16 16 15 15 12 12 10 10 8 8 8 10 12 12 12 15 15 16 16 16 18 18 19 19 21 21 22 23 25 25 25 25 27 19 18 18 18 16 16 16 22 21 21 19 19 19 18 18 16 16 15 15 12 12 10 12 12 15 15 15 16 16 16 18 18 18 19 19 19 21 21 22 22 22 23 23 25 25 25 25 27 27 27 12 15 15 16 16 16 18 18 18 19 19 19 21 21 22 22 23 23 25 25 25 27 27 27 28 28 28 48 58 68 45 45 45 45 45 15 8 16 8 12 12 10 25 27
16 16 16 15 15 15 12 10 10 12 12 15 22 21 21 21 19 19 19 19 18 18 18 16 16 16 15 16 16 16 18 18 18 19 19 19 19 18 18 16 16 15 15 12 12 10 8 8 8 8 10 10 12 12 15 15 16 16 16 18 18 19 19 21 21 22 23 25 25 25 27 19 18 18 16 16 16 15 21 21 19 19 18 18 18 16 16 15 15 12 12 10 10 10 12 12 15 15 15 16 16 16 18 18 18 19 19 19 21 21 21 22 22 23 23 23 25 25 25 25 27 12 12 15 15 15 16 16 18 18 18 19 19 19 21 21 22 22 23 23 25 25 25 27 27 27 28 28 48 58 68 45 45 45 45 45 15 10 16 8 10 10 8 25 27
18 16 16 16 15 15 12 10 12 12 12 15 22 22 21 21 21 19 19 19 18 18 18 16 16 18 15 16 16 18 18 18 19 19 19 19 19 18 18 16 16 15 15 15 12 12 8 8 8 8 10 10 10 12 15 15 15 16 16 18 18 19 19 21 21 22 23 23 25 25 25 18 18 18 16 16 15 15 21 19 19 19 18 18 18 16 16 15 15 12 10 10 8 10 10 12 12 15 15 15 16 16 16 18 18 18 19 19 21 21 21 22 22 23 23 23 25 25 25 25 27 10 12 12 15 15 16 16 16 18 18 18 19 19 21 21 22 22 22 23 25 25 25 27 27 27 28 28 48 58 68 43 43 43 43 43 15 10 15 8 10 10 8 23 27
18 18 16 16 16 15 15 12 12 15 15 15 22 22 21 21 21 21 19 19 18 18 18 16 16 15 16 16 18 18 18 19 19 19 21 19 19 19 18 18 16 16 15 15 15 12 10 8 8 8 8 10 10 12 12 15 15 15 16 16 18 18 19 19 21 22 23 23 23 25 25 18 16 16 16 15 15 15 19 19 19 18 18 16 16 16 15 15 12 10 10 8 8 8 10 10 12 12 15 15 15 16 16 16 18 18 18 19 19 19 21 21 22 22 22 23 23 23 25 25 25 10 10 12 15 15 15 16 16 16 18 18 18 19 19 21 21 22 22 23 23 25 25 25 27 27 27 28 48 58 68 43 43 43 43 43 16 12 15 8 8 10 8 23 25
18 18 18 16 16 16 15 12 15 15 15 16 23 22 22 21 21 21 21 19 19 19 18 18 16 16 16 18 18 18 19 19 19 21 21 21 21 19 19 18 18 16 16 15 15 15 12 10 10 8 8 8 8 10 12 12 15 15 15 16 16 18 18 19 19 21 22 22 23 23 25 18 18 18 16 16 15 15 21 19 19 19 18 18 18 16 16 15 15 12 10 10 8 10 10 12 12 15 15 15 16 16 16 18 18 18 19 19 21 21 21 22 22 23 23 23 25 25 25 25 27 10 10 10 12 12 15 15 16 16 16 18 18 18 19 19 21 21 22 22 23 23 25 25 25 27 27 30 50 60 70 42 42 42 42 42 16 12 15 10 10 8 8 22 27
19 18 18 18 16 16 15 15 15 15 16 16 23 22 22 22 21 21 21 19 19 19 19 18 18 16 18 18 18 19 19 19 21 21 22 21 21 19 19 18 18 16 16 16 15 15 12 10 10 10 8 8 8 8 10 12 12 15 15 16 16 18 18 19 19 21 22 22 23 23 25 19 18 18 16 16 16 15 21 21 19 19 18 18 18 16 16 15 15 12 12 10 10 10 12 12 15 15 15 16 16 16 18 18 18 19 19 19 21 21 22 22 22 23 23 23 25 25 25 27 27 12 8 10 12 12 15 15 15 16 16 16 18 18 18 19 21 21 21 22 22 23 23 25 25 25 27 30 50 60 70 42 42 42 42 42 18 15 16 10 10 8 10 22 27
19 19 18 18 18 16 16 15 15 16 16 16 23 23 22 22 22 21 21 21 19 19 19 18 18 16 18 18 18 19 19 21 21 21 22 21 21 19 19 19 18 18 16 16 16 15 12 12 10 10 8 8 8 8 10 10 12 12 15 16 16 18 18 18 19 21 22 22 22 23 23 19 18 18 18 16 16 16 21 21 19 19 19 18 18 18 16 16 15 15 12 12 10 10 12 15 15 15 16 16 16 18 18 18 19 19 19 21 21 21 22 22 23 23 23 25 25 25 25 27 27 12 8 10 12 12 15 15 16 16 16 16 18 18 19 19 21 21 22 22 23 23 25 25 25 27 27 30 50 60 70 42 42 42 42 42 18 15 16 10 12 8 10 22 27
19 19 19 18 18 18 16 15 16 16 16 18 23 23 23 22 22 22 21 21 21 21 19 19 18 18 18 19 19 19 21 21 21 22 22 22 22 21 21 19 19 18 18 16 16 16 15 12 12 12 10 8 8 8 8 10 10 12 15 15 15 16 18 18 18 19 21 22 22 22 23 19 19 18 18 18 16 16 22 21 21 21 19 19 18 18 18 16 16 15 15 12 12 12 15 15 15 16 16 16 18 18 18 19 19 19 21 21 22 22 22 23 23 25 25 25 25 25 27 27 27 15 10 12 15 15 15 16 16 16 18 18 18 19 19 21 21 22 22 23 23 23 25 25 27 27 27 32 52 62 72 42 42 42 42 42 18 15 16 12 12 8 12 22 27
21 21 19 19 18 18 16 16 16 16 18 18 25 23 23 23 23 22 22 22 21 21 21 19 19 18 19 19 19 21 21 22 22 22 23 22 22 21 21 21 19 19 18 18 16 16 15 15 15 12 12 10 10 8 8 8 10 10 12 15 15 16 16 18 18 19 21 21 22 22 22 21 19 19 19 18 18 16 22 22 21 21 21 19 19 19 18 18 16 15 15 15 12 15 15 15 16 16 18 18 18 19 19 19 21 21 21 21 22 22 23 23 23 25 25 25 27 27 27 27 28 15 12 12 15 15 16 16 16 18 18 18 19 19 21 21 22 22 22 23 25 25 25 27 27 27 28 35 55 65 75 41 41 41 41 41 19 16 18 15 15 10 12 21 28
21 21 21 19 19 18 18 16 18 18 18 19 25 25 25 23 23 23 22 22 22 21 21 21 19 19 19 19 21 21 22 22 22 23 23 23 22 22 21 21 19 19 19 18 18 16 16 15 15 15 12 12 10 10 8 8 8 8 10 12 15 15 16 16 18 19 19 21 21 22 22 21 21 19 19 19 18 18 23 22 22 21 21 21 19 19 19 18 16 16 16 15 15 15 15 16 16 18 18 18 19 19 19 21 21 21 22 22 22 23 23 23 25 25 25 27 27 27 27 28 28 15 12 15 15 16 16 16 18 18 19 19 19 21 21 21 22 22 23 25 25 25 27 27 27 28 28 35 55 65 75 41 41 41 41 41 19 16 18 15 15 12 15 21 28
22 21 21 21 19 19 18 16 18 18 18 19 25 25 25 25 23 23 23 22 22 22 21 21 21 19 19 21 21 21 22 22 23 23 23 23 23 22 22 21 21 19 19 19 18 18 16 16 15 15 15 12 12 10 10 8 8 8 10 12 12 15 15 16 16 18 19 19 21 21 22 21 21 21 19 19 19 18 23 23 22 22 21 21 21 19 19 18 18 16 16 16 15 15 16 16 16 18 18 19 19 19 21 21 21 22 22 22 23 23 23 25 25 25 27 27 27 27 28 28 28 16 15 15 16 16 16 18 18 19 19 19 21 21 21 22 22 23 23 25 25 25 27 27 27 28 28 35 55 65 75 39 39 39 39 39 19 16 19 15 16 12 15 19 28
22 22 21 21 19 19 19 18 18 18 19 19 27 25 25 25 25 23 23 23 22 22 22 21 21 19 21 21 21 22 22 23 23 23 25 23 23 22 22 22 21 21 19 19 18 18 16 16 16 15 15 15 12 12 10 8 8 8 8 10 12 15 15 16 16 18 19 19 21 21 21 22 21 21 21 19 19 18 23 23 22 22 22 21 21 21 19 19 18 16 16 16 16 16 16 16 18 18 19 19 19 21 21 21 22 22 22 23 23 23 25 25 25 27 27 27 27 28 28 28 29 16 15 15 16 16 18 18 18 19 19 19 21 21 22 22 23 23 23 25 25 27 27 27 28 28 28 36 56 66 76 39 39 39 39 39 21 18 19 16 16 15 15 19 29
22 22 22 21 21 21 19 18 19 19 19 21 27 27 25 25 25 25 23 23 23 23 22 22 21 21 21 22 22 22 23 23 23 25 25 25 25 23 23 22 22 21 21 19 19 19 18 16 16 16 15 15 15 15 12 10 10 8 8 8 10 12 12 15 15 16 18 19 19 19 21 22 22 22 21 21 19 19 25 23 23 23 22 22 21 21 21 19 19 18 18 16 16 16 18 18 18 19 19 19 21 21 21 22 22 22 23 23 25 25 25 25 27 27 27 27 28 28 28 29 29 18 16 16 18 18 18 19 19 19 21 21 21 22 22 23 23 25 25 25 27 27 27 28 28 28 29 36 56 66 76 39 39 39 39 39 21 18 19 16 16 15 16 19 29
23 23 22 22 22 21 21 19 19 21 21 21 27 27 27 27 25 25 25 25 23 23 23 22 22 21 22 22 22 23 23 25 25 25 25 25 25 25 23 23 22 22 21 21 21 19 18 18 18 16 16 16 16 15 15 12 12 10 8 8 8 10 12 12 15 16 18 18 18 19 19 23 22 22 22 21 21 21 25 25 25 23 23 22 22 22 21 21 19 19 18 18 18 18 18 19 19 19 21 21 21 22 22 22 23 23 23 25 25 25 25 27 27 27 28 28 28 28 29 29 29 18 18 18 18 18 19 19 21 21 21 22 22 22 23 23 25 25 25 27 27 27 28 28 29 29 29 38 58 68 78 38 38 38 38 38 22 19 21 18 18 16 16 18 29
23 23 23 22 22 22 21 19 21 21 21 22 28 27 27 27 27 25 25 25 25 25 23 23 22 22 22 23 23 23 25 25 25 25 27 25 25 25 23 23 23 22 22 21 21 21 19 18 18 18 16 16 16 15 15 15 12 12 10 8 8 8 10 12 15 15 16 18 18 19 19 23 23 22 22 22 21 21 25 25 25 23 23 23 22 22 22 21 21 19 19 18 18 18 19 19 19 21 21 21 22 22 22 23 23 23 25 25 25 25 27 27 27 28 28 28 28 29 29 29 29 18 18 18 18 19 19 21 21 21 22 22 22 23 23 23 25 25 27 27 27 28 28 28 29 29 29 38 58 68 78 38 38 38 38 38 22 19 21 18 18 16 18 18 29
25 25 23 23 23 22 22 21 21 22 22 22 28 28 28 27 27 27 27 25 25 25 25 23 23 22 23 23 23 25 25 25 27 27 27 27 27 25 25 25 23 23 22 22 22 21 19 19 19 18 18 18 18 16 16 15 15 15 12 10 8 8 8 10 12 15 16 16 16 18 18 25 23 23 23 22 22 22 27 27 25 25 25 23 23 23 22 22 21 21 19 19 19 19 19 21 21 21 22 22 22 23 23 23 25 25 25 25 27 27 27 27 28 28 28 29 29 29 29 29 30 19 19 19 19 19 21 21 22 22 22 22 23 23 25 25 25 27 27 28 28 28 29 29 29 29 30 39 59 69 79 36 36 36 36 36 23 21 22 19 19 18 18 16 30
25 25 25 23 23 23 22 21 22 22 22 23 29 28 28 28 27 27 27 27 25 25 25 25 23 23 23 25 25 25 25 27 27 27 28 27 27 25 25 25 25 23 23 22 22 22 21 19 19 19 18 18 18 18 16 16 15 15 12 12 10 8 8 8 10 12 15 16 16 16 18 25 25 25 23 23 22 22 27 27 27 25 25 25 23 23 23 22 22 21 21 19 19 19 21 21 21 22 22 22 23 23 23 25 25 25 25 27 27 27 28 28 28 29 29 29 29 29 30 30 30 21 19 19 21 21 21 22 22 22 23 23 23 25 25 25 27 27 27 28 28 29 29 29 29 30 30 39 59 69 79 36 36 36 36 36 23 21 22 19 19 18 19 16 30
27 25 25 25 25 23 23 22 22 23 23 23 29 29 28 28 28 28 27 27 27 27 25 25 25 23 25 25 25 27 27 27 27 28 28 28 27 27 27 25 25 25 23 23 23 22 21 21 21 19 19 19 18 18 18 16 16 16 15 12 12 10 8 8 8 12 15 15 15 16 16 27 25 25 25 23 23 23 28 27 27 27 25 25 25 25 23 23 22 22 21 21 21 21 21 22 22 22 23 23 23 25 25 25 25 27 27 27 27 28 28 28 29 29 29 29 29 30 30 30 30 21 21 21 21 21 22 22 23 23 23 23 25 25 25 27 27 27 28 28 29 29 29 29 30 30 30 41 61 71 81 35 35 35 35 35 25 22 23 21 21 19 19 15 30
27 27 25 25 25 25 23 22 23 23 23 25 29 29 29 28 28 28 28 27 27 27 27 25 25 25 25 25 27 27 27 27 28 28 28 28 28 27 27 27 25 25 25 23 23 23 22 21 21 21 19 19 19 18 18 18 16 16 15 15 15 12 10 8 8 10 12 15 15 15 16 27 25 25 25 25 23 23 28 28 27 27 27 25 25 25 25 23 23 22 22 21 21 21 22 22 22 23 23 23 25 25 25 25 27 27 27 27 28 28 28 29 29 29 29 29 30 30 30 30 30 22 21 21 22 22 22 23 23 23 25 25 25 25 27 27 28 28 28 29 29 29 29 30 30 30 30 41 61 71 81 35 35 35 35 35 25 22 23 21 21 19 21 15 30
28 27 27 27 27 25 25 23 25 25 25 25 30 29 29 29 29 29 28 28 28 28 27 27 27 25 27 27 27 28 28 28 28 29 29 29 28 28 28 27 27 27 25 25 25 25 23 22 22 22 21 21 21 19 19 19 18 18 16 16 15 15 12 12 10 8 10 10 12 15 15 28 27 27 27 25 25 25 29 28 28 28 27 27 27 27 25 25 23 23 23 22 22 22 23 23 23 25 25 25 25 27 27 27 27 28 28 28 28 29 29 29 29 30 30 30 30 30 30 30 30 22 22 22 22 23 23 23 25 25 25 25 27 27 27 28 28 29 29 29 29 30 30 30 30 30 30 42 62 72 82 30 30 30 30 30 27 23 25 22 22 21 22 10 30
28 28 28 27 27 27 25 25 25 25 27 27 30 30 30 29 29 29 29 29 29 28 28 28 27 27 27 28 28 28 29 29 29 29 29 29 29 29 28 28 28 27 27 27 25 25 25 23 23 23 22 22 22 21 21 19 19 19 18 18 16 16 15 15 12 10 8 8 10 10 12 28 28 28 27 27 27 25 29 29 29 28 28 28 28 27 27 25 25 25 23 23 23 23 23 25 25 25 25 27 27 27 27 28 28 28 28 29 29 29 29 30 30 30 30 30 30 30 30 30 30 23 23 23 23 25 25 25 25 27 27 27 27 28 28 28 29 29 29 30 30 30 30 30 30 30 30 43 63 73 83 28 28 28 28 28 27 25 27 23 23 22 23 8 30
28 28 28 28 27 27 27 25 25 27 27 27 30 30 30 30 29 29 29 29 29 29 28 28 28 27 28 28 28 28 29 29 29 29 30 29 29 29 29 28 28 28 27 27 27 25 25 25 23 23 22 22 22 22 21 21 19 19 19 18 18 16 16 15 15 10 8 8 8 10 12 28 28 28 28 27 27 27 29 29 29 29 28 28 28 27 27 27 25 25 25 23 23 23 25 25 25 25 27 27 27 27 28 28 28 28 29 29 29 29 30 30 30 30 30 30 30 30 30 30 30 25 23 23 25 25 25 25 27 27 27 27 28 28 28 29 29 29 29 30 30 30 30 30 30 30 30 43 63 73 83 28 28 28 28 28 28 25 27 23 23 22 23 8 30
29 29 28 28 28 27 27 25 27 27 27 28 30 30 30 30 30 30 29 29 29 29 29 28 28 28 28 28 28 29 29 29 29 30 30 30 29 29 29 29 28 28 28 27 27 27 25 25 25 23 23 23 22 22 22 21 21 21 19 18 18 16 16 15 15 12 10 8 8 8 10 29 28 28 28 28 27 27 30 29 29 29 29 28 28 28 28 27 27 25 25 25 25 25 25 25 25 27 27 27 27 28 28 28 29 29 29 29 29 30 30 30 30 30 30 30 30 30 30 30 30 25 23 23 25 25 25 27 27 27 27 28 28 28 29 29 29 29 30 30 30 30 30 30 30 30 30 45 65 75 85 28 28 28 28 28 28 25 27 25 25 23 23 8 30
29 29 29 28 28 28 27 27 27 27 28 28 30 30 30 30 30 30 30 29 29 29 29 29 28 28 28 29 29 29 29 29 30 30 30 30 30 29 29 29 29 28 28 28 27 27 25 25 25 25 23 23 23 22 22 22 21 21 19 19 19 18 16 16 15 15 10 10 8 8 8 29 29 28 28 28 28 27 30 30 29 29 29 29 28 28 28 27 27 27 25 25 25 25 25 27 27 27 27 28 28 28 28 29 29 29 29 29 30 30 30 30 30 30 30 30 30 30 30 30 30 25 25 25 25 25 27 27 27 28 28 28 28 29 29 29 29 30 30 30 30 30 30 30 30 30 30 45 65 75 85 30 30 30 30 30 28 27 28 25 25 23 25 10 30
29 29 29 29 28 28 28 27 27 28 28 28 30 30 30 30 30 30 30 30 30 29 29 29 29 28 29 29 29 29 30 30 30 30 30 30 30 30 29 29 29 29 28 28 28 27 27 27 25 25 25 25 23 23 22 22 22 21 21 19 19 18 18 16 16 15 12 12 10 8 8 29 29 29 29 28 28 28 30 30 30 29 29 29 29 29 28 28 27 27 27 27 25 25 27 27 27 27 28 28 28 29 29 29 29 29 30 30 30 30 30 30 30 30 30 30 30 30 30 30 30 27 25 25 27 27 27 27 28 28 28 28 29 29 29 29 30 30 30 30 30 30 30 30 30 30 30 45 65 75 85 32 32 32 32 32 29 27 28 25 27 25 25 12 30
25 23 23 22 22 22 21 19 21 21 21 22 28 28 27 27 27 27 25 25 25 25 23 23 23 22 22 23 23 23 25 25 25 27 27 27 25 25 25 23 23 22 22 22 21 21 19 19 18 18 18 19 19 19 21 21 21 22 22 23 23 25 25 27 27 28 28 28 29 29 29 8 8 10 10 12 12 15 21 21 21 19 19 19 18 18 16 16 15 16 16 16 18 18 19 19 19 21 21 22 22 22 23 23 23 25 25 25 25 27 27 27 27 28 28 28 29 29 29 29 30 18 18 19 21 21 22 22 23 23 23 23 25 25 25 27 27 27 28 28 28 29 29 29 30 30 30 38 58 68 78 48 48 48 48 48 22 19 22 18 16 19 18 28 30
23 23 22 22 22 21 21 19 19 21 21 21 27 27 27 27 25 25 25 25 23 23 23 22 22 21 22 22 22 23 23 25 25 25 25 25 25 25 23 23 22 22 21 21 21 19 18 18 18 16 18 18 18 19 19 21 21 21 22 22 23 23 25 25 25 27 28 28 28 29 29 8 8 8 8 10 12 12 21 21 19 19 18 18 18 16 16 15 15 15 16 16 16 18 18 19 19 19 21 21 21 22 22 22 23 23 23 25 25 25 25 27 27 27 28 28 28 28 29 29 29 16 18 19 19 21 21 22 22 22 23 23 23 25 25 25 27 27 27 28 28 28 29 29 29 30 30 38 58 68 78 48 48 48 48 48 22 19 21 18 16 18 16 28 29
23 22 22 22 21 21 19 19 19 19 21 21 27 27 27 25 25 25 25 23 23 23 23 22 22 21 22 22 22 23 23 23 25 25 25 25 25 23 23 22 22 21 21 21 19 19 18 18 18 16 18 18 18 18 19 19 21 21 22 22 22 23 25 25 25 27 28 28 28 28 29 10 8 8 8 10 10 12 21 19 19 18 18 18 16 16 16 15 12 15 15 16 16 18 18 18 19 19 19 21 21 21 22 22 22 23 23 23 25 25 25 27 27 27 27 28 28 28 28 29 29 16 16 19 19 19 21 21 22 22 22 23 23 23 25 25 27 27 27 28 28 28 29 29 29 29 30 38 58 68 78 48 48 48 48 48 22 19 21 18 16 18 16 28 29
22 22 22 21 21 21 19 18 19 19 19 21 27 27 25 25 25 25 23 23 23 23 22 22 21 21 21 22 22 22 23 23 23 25 25 25 23 23 22 22 22 21 21 19 19 19 18 16 16 16 16 16 18 18 19 19 19 21 21 22 22 23 23 25 25 27 27 28 28 28 29 10 8 8 8 8 10 10 19 19 18 18 18 16 16 16 15 15 12 15 15 15 16 16 18 18 18 19 19 19 21 21 21 22 22 22 23 23 23 25 25 25 27 27 27 27 28 28 28 28 29 16 16 18 19 19 21 21 21 22 22 22 23 23 23 25 25 27 27 27 28 28 28 29 29 29 30 36 56 66 76 48 48 48 48 48 21 18 19 16 15 16 16 28 29
22 22 21 21 19 19 19 18 18 19 19 19 27 25 25 25 25 23 23 23 22 22 22 21 21 19 21 21 21 22 22 23 23 23 25 23 23 22 22 22 21 21 19 19 19 18 16 16 16 15 16 16 16 18 18 19 19 19 21 21 22 22 23 23 25 25 27 27 28 28 28 12 10 10 8 8 8 10 19 18 18 18 16 16 16 15 15 12 10 12 15 15 15 16 16 18 18 18 19 19 19 21 21 21 22 22 22 23 23 23 25 25 25 27 27 27 27 28 28 28 29 15 15 18 18 19 19 19 21 21 22 22 22 23 23 23 25 25 25 27 27 28 28 28 29 29 29 36 56 66 76 47 47 47 47 47 21 18 19 16 15 16 15 27 29
22 21 21 21 19 19 18 16 18 18 18 19 25 25 25 25 23 23 23 22 22 22 21 21 21 19 19 21 21 22 22 22 23 23 23 23 23 22 22 21 21 19 19 19 18 18 16 16 15 15 15 16 16 16 18 18 19 19 19 21 21 22 22 23 23 25 27 27 27 28 28 12 12 10 10 8 8 8 19 18 18 16 16 16 15 15 12 10 10 12 12 12 15 15 16 16 18 18 18 19 19 19 21 21 21 22 22 22 23 23 23 25 25 25 27 27 27 27 28 28 28 15 15 18 18 18 19 19 21 21 21 21 22 22 23 23 25 25 25 27 27 27 28 28 28 29 29 35 55 65 75 47 47 47 47 47 19 16 19 15 12 16 15 27 28
21 21 21 19 19 18 18 16 16 18 18 19 25 25 23 23 23 23 22 22 22 21 21 21 19 19 19 19 21 21 22 22 22 23 23 23 22 22 21 21 19 19 19 18 18 16 16 15 15 15 15 15 16 16 16 18 18 18 19 21 21 22 22 23 23 25 25 27 27 27 28 15 12 12 10 10 8 8 18 18 16 16 16 15 15 12 12 10 8 10 10 12 12 15 15 16 16 16 18 18 19 19 19 21 21 21 22 22 22 23 23 23 25 25 25 27 27 27 27 28 28 12 15 16 18 18 19 19 19 21 21 21 22 22 22 23 23 25 25 25 27 27 27 28 28 28 29 35 55 65 75 47 47 47 47 47 19 16 18 15 12 15 15 27 28
27 25 25 25 25 23 23 22 22 23 23 23 29 29 28 28 28 28 27 27 27 27 27 25 25 23 25 25 25 27 27 27 27 28 28 28 28 27 27 25 25 25 23 23 23 22 22 21 21 19 21 21 21 22 22 23 23 23 25 25 25 27 27 28 28 29 29 29 30 30 30 21 21 21 19 19 19 18 8 8 10 10 12 12 15 15 16 16 18 18 19 19 19 21 21 22 22 22 23 23 23 25 25 25 25 27 27 27 27 28 28 28 29 29 29 29 29 30 30 30 30 19 21 22 23 23 23 25 25 25 25 27 27 27 27 28 28 29 29 29 29 30 30 30 30 30 30 41 61 71 81 49 49 49 49 49 25 22 23 21 19 21 19 29 30
25 25 25 25 23 23 22 21 22 22 22 23 29 28 28 28 28 27 27 27 27 25 25 25 25 23 23 25 25 25 27 27 27 27 28 27 27 27 25 25 25 23 23 23 22 22 21 21 19 19 19 21 21 21 22 22 23 23 23 25 25 27 27 27 28 28 29 29 29 30 30 21 21 19 19 18 18 18 8 8 8 10 10 12 12 15 15 16 16 18 18 18 19 19 21 21 22 22 22 23 23 23 25 25 25 25 27 27 27 27 28 28 28 29 29 29 29 29 30 30 30 19 19 22 22 22 23 23 25 25 25 25 27 27 27 27 28 28 28 29 29 29 30 30 30 30 30 39 59 69 79 49 49 49 49 49 23 21 23 19 18 21 19 29 30
25 25 23 23 23 22 22 21 21 22 22 23 28 28 28 27 27 27 27 27 25 25 25 23 23 22 23 23 25 25 25 27 27 27 27 27 27 25 25 25 23 23 22 22 22 21 21 19 19 19 19 19 19 21 21 22 22 22 23 25 25 25 27 27 27 28 29 29 29 29 30 21 19 19 18 18 18 16 10 8 8 8 10 10 12 12 15 15 16 16 18 18 18 19 19 21 21 21 22 22 22 23 23 25 25 25 25 25 27 27 27 28 28 28 29 29 29 29 29 30 30 18 19 21 22 22 22 23 23 23 25 25 25 27 27 27 28 28 28 29 29 29 29 30 30 30 30 39 59 69 79 49 49 49 49 49 23 21 22 19 18 19 19 29 30
25 23 23 23 22 22 21 21 21 21 22 22 28 28 27 27 27 27 25 25 25 25 25 23 23 22 23 23 23 25 25 25 25 27 27 27 27 25 25 23 23 23 22 22 21 21 19 19 19 18 19 19 19 21 21 21 22 22 23 23 23 25 25 27 27 28 28 29 29 29 29 19 19 18 18 18 16 16 10 10 8 8 8 10 10 12 12 15 15 16 16 18 18 19 19 19 21 21 21 22 22 22 23 23 23 25 25 25 27 27 27 27 28 28 28 28 29 29 29 29 30 18 18 21 21 22 22 22 23 23 23 25 25 25 27 27 27 28 28 28 29 29 29 29 30 30 30 39 59 69 79 49 49 49 49 49 23 21 22 19 18 19 18 29 30
23 23 23 22 22 22 21 19 21 21 21 22 28 27 27 27 27 25 25 25 25 25 23 23 22 22 22 23 23 23 25 25 25 25 27 25 25 25 23 23 23 22 22 21 21 21 19 18 18 18 18 18 19 19 21 21 21 22 22 23 23 25 25 25 27 27 28 28 29 29 29 19 18 18 18 16 16 16 12 10 10 8 8 8 10 10 12 15 15 16 16 16 18 18 19 19 19 21 21 21 22 22 22 23 23 23 25 25 25 25 27 27 27 28 28 28 28 29 29 29 29 18 18 19 21 21 22 22 22 23 23 23 25 25 25 27 27 27 28 28 28 29 29 29 29 30 30 38 58 68 78 48 48 48 48 48 22 19 21 18 16 18 18 28 29
23 23 22 22 22 21 21 19 19 21 21 21 27 27 27 27 25 25 25 25 23 23 23 22 22 21 22 22 23 23 23 25 25 25 25 25 25 25 23 23 22 22 21 21 21 19 19 18 18 16 18 18 18 19 19 21 21 21 22 22 23 23 25 25 25 27 28 28 28 29 29 19 18 18 16 16 16 15 12 12 10 10 8 8 8 10 10 12 15 15 16 16 16 18 18 19 19 19 21 21 21 22 22 22 23 23 23 25 25 25 25 27 27 28 28 28 28 28 29 29 29 16 18 19 21 21 21 22 22 22 23 23 23 25 25 25 27 27 27 28 28 28 29 29 29 30 30 38 58 68 78 48 48 48 48 48 22 19 21 18 16 18 16 28 29
23 22 22 22 21 21 19 19 19 19 21 21 27 27 27 25 25 25 25 23 23 23 22 22 22 21 21 22 22 23 23 23 25 25 25 25 25 23 23 22 22 21 21 21 19 19 18 18 18 16 18 18 18 18 19 19 21 21 21 22 22 23 23 25 25 27 28 28 28 28 29 18 18 16 16 16 15 15 15 12 12 10 10 8 8 8 10 12 12 15 15 16 16 18 18 18 19 19 19 21 21 21 22 22 22 23 23 23 25 25 25 25 27 27 27 28 28 28 28 29 29 16 16 19 19 19 21 21 22 22 22 23 23 23 25 25 27 27 27 28 28 28 29 29 29 29 30 38 58 68 78 48 48 48 48 48 21 19 21 18 16 18 16 28 29
22 22 22 21 21 21 19 18 19 19 19 21 27 27 25 25 25 25 23 23 23 22 22 22 21 21 21 22 22 22 23 23 23 25 25 25 23 23 22 22 22 21 21 19 19 19 18 16 16 16 16 16 18 18 19 19 19 21 21 22 22 23 23 25 25 27 27 27 28 28 29 18 16 16 16 15 15 12 15 15 12 12 10 10 8 8 8 10 12 15 15 15 16 16 18 18 18 19 19 19 21 21 21 22 22 22 23 23 23 25 25 25 27 27 27 27 28 28 28 28 29 16 16 18 19 19 21 21 21 22 22 22 23 23 23 25 25 27 27 27 28 28 28 29 29 29 29 36 56 66 76 47 47 47 47 47 21 18 19 16 15 16 16 27 29
22 22 21 21 19 19 19 18 18 18 19 19 27 25 25 25 25 23 23 23 22 22 22 21 21 19 21 21 21 22 22 23 23 23 25 23 23 22 22 22 21 21 19 19 19 18 16 16 16 15 16 16 16 18 18 19 19 19 21 21 22 22 23 23 25 25 27 27 28 28 28 16 16 16 15 15 12 12 16 15 15 12 12 10 10 8 8 8 10 12 15 15 15 16 16 18 18 18 19 19 19 21 21 21 22 22 22 23 23 23 25 25 25 27 27 27 27 28 28 28 29 15 15 18 18 19 19 19 21 21 22 22 22 23 23 23 25 25 25 27 27 28 28 28 29 29 29 36 56 66 76 47 47 47 47 47 21 18 19 16 15 16 15 27 29
21 21 21 19 19 19 18 16 18 18 18 19 25 25 25 23 23 23 22 22 22 21 21 21 19 19 19 21 21 21 22 22 22 23 23 23 22 22 21 21 21 19 19 18 18 18 16 15 15 15 15 15 16 16 18 18 18 19 19 21 21 22 22 23 23 25 25 27 27 27 28 16 15 15 15 12 10 10 16 16 15 15 15 12 12 10 8 8 8 10 12 12 15 15 16 16 16 18 18 18 19 19 19 21 21 21 22 22 22 23 23 23 25 25 25 27 27 27 27 28 28 15 15 16 18 18 19 19 19 21 21 21 22 22 22 23 23 25 25 27 27 27 27 28 28 29 29 35 55 65 75 47 47 47 47 47 19 16 18 15 12 15 15 27 28
21 21 19 19 18 18 16 16 16 16 18 18 25 23 23 23 22 22 22 22 21 21 21 19 19 18 19 19 19 21 21 22 22 22 23 22 22 21 21 19 19 19 18 18 16 16 15 15 15 12 15 15 15 16 16 16 18 18 19 19 21 21 22 22 23 23 25 25 27 27 27 15 15 12 12 10 10 8 18 16 16 15 15 15 12 12 10 8 8 8 10 10 12 15 15 15 16 16 16 18 18 18 19 19 19 21 21 21 22 22 23 23 23 25 25 25 27 27 27 27 28 12 12 16 16 18 18 18 19 19 19 21 21 22 22 22 23 23 25 25 25 27 27 27 28 28 29 35 55 65 75 45 45 45 45 45 19 16 18 15 10 15 12 25 28
19 19 19 18 18 16 16 15 15 16 16 18 23 23 22 22 22 22 21 21 21 19 19 18 18 18 18 18 19 19 21 21 21 22 22 22 21 21 19 19 18 18 18 16 16 15 15 12 12 10 12 12 15 15 15 16 16 16 18 19 19 21 21 22 22 23 25 25 25 27 27 16 15 15 15 12 12 10 18 18 16 16 16 15 15 15 12 10 8 8 8 8 10 12 12 15 15 15 16 16 16 18 18 19 19 19 21 21 21 22 22 22 23 23 25 25 25 25 27 27 27 10 10 15 16 16 16 18 18 19 19 19 21 21 21 22 22 23 23 25 25 25 27 27 27 28 28 32 52 62 72 45 45 45 45 45 18 15 16 12 8 12 10 25 27
19 19 18 18 16 16 16 15 15 15 16 16 23 23 22 22 22 21 21 21 19 19 19 18 18 16 18 18 18 19 19 21 21 21 22 21 21 19 19 19 18 18 16 16 16 15 12 12 10 10 10 12 12 15 15 16 16 16 18 18 19 19 21 21 22 23 23 25 25 25 27 16 16 15 15 15 12 10 19 18 18 16 16 16 15 15 15 12 10 8 8 8 8 10 12 15 15 15 16 16 16 18 18 18 19 19 19 21 21 21 22 22 23 23 23 25 25 25 25 27 27 8 10 15 15 16 16 16 18 18 19 19 19 21 21 21 22 22 23 23 25 25 25 27 27 27 28 30 50 60 70 45 45 45 45 45 18 15 16 10 8 12 10 25 27
19 18 18 18 16 16 15 12 15 15 15 16 23 22 22 22 21 21 21 19 19 19 18 18 18 16 16 18 18 19 19 19 21 21 21 21 21 19 19 18 18 16 16 16 15 15 12 10 10 8 10 10 12 12 15 15 16 16 16 18 18 19 19 21 21 22 23 23 25 25 27 16 16 16 15 15 12 12 19 18 18 18 16 16 16 15 15 12 10 8 8 8 8 10 10 12 15 15 15 16 16 16 18 18 18 19 19 19 21 21 21 22 22 23 23 23 25 25 25 25 27 8 8 15 15 15 16 16 18 18 18 18 19 19 21 21 22 22 22 23 25 25 25 27 27 27 28 30 50 60 70 43 43 43 43 43 16 12 16 10 8 10 8 23 27
18 18 18 16 16 15 15 12 15 15 15 16 22 22 22 21 21 21 19 19 19 18 18 18 16 16 16 16 18 18 19 19 19 21 21 21 19 19 18 18 16 16 16 15 15 12 10 10 8 8 8 10 10 12 12 15 15 16 16 18 18 19 19 21 21 22 23 23 25 25 25 18 16 16 16 15 15 12 19 19 18 18 18 16 16 16 15 15 12 10 8 8 8 8 10 12 12 15 15 15 16 16 16 18 18 18 19 19 19 21 21 21 22 22 23 23 23 25 25 25 27 10 10 12 15 15 16 16 16 18 18 18 19 19 19 21 21 22 22 23 23 25 25 25 27 27 28 28 48 58 68 43 43 43 43 43 16 12 15 8 8 10 8 23 27
18 18 18 16 16 16 15 12 15 15 15 16 22 21 21 21 19 19 19 18 18 18 16 16 16 15 16 18 18 18 19 19 19 21 21 21 21 19 19 18 18 16 16 15 15 15 12 10 10 8 10 10 10 12 15 15 15 16 16 18 18 19 19 21 21 22 23 23 25 25 25 18 18 18 16 16 15 15 21 19 19 19 18 18 18 16 16 15 15 12 10 10 8 8 8 10 10 12 12 15 15 15 16 16 16 18 18 18 19 19 19 21 21 22 22 22 23 23 23 25 25 10 12 12 15 15 16 16 16 18 18 18 19 19 21 21 22 22 22 23 23 25 25 25 27 27 28 30 50 60 70 43 43 43 43 43 16 12 15 10 10 10 8 23 25
19 19 18 18 16 16 15 15 15 15 16 16 21 21 21 19 19 19 18 18 18 16 16 16 15 15 16 16 16 18 18 19 19 19 21 21 21 19 19 19 18 18 16 16 15 15 12 12 10 10 10 12 12 15 15 15 16 16 18 18 19 19 21 21 22 23 23 25 25 25 27 19 18 18 18 16 16 15 21 21 19 19 19 18 18 18 16 16 15 12 12 10 10 8 8 8 10 10 12 12 15 15 15 16 16 16 18 18 18 19 19 19 21 21 22 22 22 23 23 23 25 12 12 15 15 16 16 16 18 18 18 19 19 21 21 21 22 22 23 25 25 25 27 27 27 28 28 30 50 60 70 45 45 45 45 45 16 15 12 10 10 12 10 25 25
19 19 19 18 18 16 16 15 15 16 16 16 21 21 19 19 19 18 18 18 16 16 16 15 15 12 15 16 16 18 18 18 19 19 19 22 21 19 19 19 18 18 18 16 16 15 15 12 12 10 12 12 15 15 15 16 16 16 18 19 19 21 21 22 22 23 25 25 25 27 27 19 19 18 18 18 16 16 22 21 21 19 19 19 18 18 18 16 15 15 15 12 12 10 8 8 8 8 10 12 12 15 15 15 16 16 16 18 18 18 19 19 21 21 21 22 22 22 23 23 25 15 15 15 16 16 16 18 18 19 19 19 21 21 21 22 22 23 23 25 25 25 27 27 27 28 28 32 52 62 72 45 45 45 45 45 15 15 12 12 12 12 10 25 25
21 19 19 19 18 18 16 15 16 16 16 15 21 19 19 19 18 18 18 16 16 16 15 15 15 12 15 15 16 16 18 18 18 19 19 22 22 21 21 19 19 18 18 18 16 16 15 15 12 12 12 15 15 15 16 16 16 18 18 19 19 21 21 22 22 23 25 25 25 27 27 19 19 19 18 18 18 16 22 22 21 21 19 19 19 18 18 16 16 15 15 15 12 10 10 8 8 8 10 10 12 12 15 15 15 16 16 16 18 18 18 19 19 21 21 21 22 22 22 23 23 15 15 15 16 16 18 18 19 19 19 19 21 21 22 22 23 23 25 25 25 27 27 27 28 28 29 32 52 62 72 45 45 45 45 45 15 15 10 12 15 15 12 25 23
21 21 19 19 18 18 18 16 16 16 16 15 19 19 18 18 18 18 16 16 16 15 15 15 12 10 15 15 15 16 16 18 18 18 19 22 22 21 21 21 19 19 18 18 16 16 15 15 15 12 15 15 15 16 16 18 18 18 19 19 21 21 22 22 23 25 25 25 27 27 27 21 19 19 19 18 18 16 22 22 21 21 21 19 19 19 18 18 16 15 15 15 15 12 10 8 8 8 8 10 10 12 12 15 15 15 16 16 16 18 18 18 19 19 21 21 21 22 22 22 23 15 15 16 16 18 18 18 19 19 19 21 21 22 22 22 23 23 25 25 27 27 27 28 28 28 29 35 55 65 75 45 45 45 45 45 15 16 10 15 15 15 12 25 23
21 21 21 19 19 19 18 16 16 16 15 15 19 18 18 18 16 16 16 16 15 15 15 12 10 8 12 15 15 15 16 16 16 18 18 23 22 22 21 21 21 19 19 18 18 18 16 15 15 15 15 15 16 16 18 18 18 19 19 21 21 22 22 23 23 25 25 27 27 27 28 21 21 19 19 19 18 18 23 22 22 21 21 21 19 19 19 18 16 16 16 15 15 12 12 10 10 8 8 8 8 10 10 12 12 15 15 15 16 16 18 18 18 19 19 21 21 21 22 22 23 16 16 16 18 18 19 19 19 21 21 21 22 22 22 23 23 25 25 27 27 27 28 28 28 29 29 35 55 65 75 47 47 47 47 47 12 16 8 15 15 15 15 27 23
21 21 19 19 19 18 18 16 16 15 15 12 19 18 18 16 16 16 16 15 15 15 12 10 10 8 12 12 15 15 16 16 16 18 18 23 22 22 21 21 19 19 18 18 18 16 16 16 15 15 15 16 16 16 18 18 19 19 19 21 21 22 22 23 23 25 27 27 27 28 28 22 21 21 19 19 19 18 23 23 22 22 21 21 21 19 19 18 18 16 16 16 15 15 12 12 10 10 8 8 8 10 10 12 12 15 15 15 16 16 16 18 18 19 19 19 21 21 21 22 22 16 16 18 18 18 19 19 21 21 21 21 22 22 23 23 25 25 25 27 27 27 28 28 29 29 29 35 55 65 75 47 47 47 47 47 12 16 8 15 16 16 15 27 22
21 21 21 19 19 19 18 16 16 16 15 15 19 18 18 18 18 16 16 16 15 15 15 12 10 8 12 15 15 15 16 16 16 18 18 23 23 22 22 21 21 19 19 18 18 18 16 16 16 15 16 16 16 18 18 19 19 19 21 21 22 22 23 23 25 25 27 27 27 28 28 22 21 21 21 19 19 19 23 23 22 22 22 21 21 21 19 19 18 16 16 16 16 15 15 12 12 10 8 8 8 8 10 10 12 12 15 15 15 16 16 16 18 18 19 19 19 21 21 21 22 16 16 18 18 19 19 19 21 21 22 22 22 23 23 23 25 25 27 27 27 28 28 28 29 29 29 36 56 66 76 47 47 47 47 47 12 16 8 16 16 16 15 27 22
22 22 21 21 19 19 18 18 16 16 16 15 19 19 18 18 18 18 16 16 16 15 15 15 12 10 15 15 15 16 16 18 18 18 19 23 23 22 22 22 21 21 19 19 18 18 18 16 16 16 16 16 18 18 19 19 19 21 21 22 22 23 23 25 25 27 27 27 28 28 29 22 22 21 21 21 19 19 25 23 23 22 22 22 21 21 21 19 18 18 18 16 16 15 15 15 12 12 10 10 8 8 8 10 10 10 12 12 15 15 16 16 16 18 18 19 19 19 21 21 22 18 18 18 19 19 21 21 21 22 22 22 23 23 23 25 25 27 27 27 28 28 28 29 29 29 30 36 56 66 42 47 47 47 47 47 15 18 10 16 16 16 16 27 22
22 22 21 21 21 19 19 18 18 16 16 15 21 19 19 19 18 18 18 16 16 16 15 15 15 12 15 15 16 16 18 18 18 19 19 25 23 23 22 22 21 21 19 19 19 18 18 18 16 16 16 18 18 18 19 19 21 21 21 22 22 23 23 25 25 27 27 28 28 28 29 23 22 22 21 21 21 19 25 25 23 23 22 22 22 21 21 19 19 18 18 18 16 16 15 15 15 12 10 10 10 8 8 8 10 10 10 12 15 15 15 16 16 18 18 18 19 19 19 21 21 18 18 19 19 19 21 21 22 22 22 23 23 23 25 25 25 27 27 28 28 28 29 29 29 29 30 36 56 66 41 48 48 48 48 48 15 18 10 16 18 18 16 28 21
23 22 22 22 21 21 19 18 18 18 16 16 21 21 19 19 19 18 18 18 16 16 16 15 15 12 15 16 16 18 18 18 19 19 19 25 25 23 23 22 22 21 21 21 19 19 18 18 18 16 18 18 18 19 19 21 21 21 22 22 23 23 25 25 25 27 28 28 28 29 29 23 22 22 22 21 21 21 25 25 25 23 23 22 22 22 21 21 19 19 18 18 18 16 16 15 15 15 12 12 10 10 8 8 8 8 10 10 12 15 15 15 16 16 18 18 18 19 19 19 21 18 19 19 19 21 21 22 22 22 23 23 23 25 25 25 27 27 27 28 28 28 29 29 29 30 30 38 58 51 41 48 48 48 48 48 15 18 12 18 18 18 16 28 21
23 23 22 22 21 21 19 19 18 18 18 16 21 21 19 19 19 19 18 18 18 16 16 16 15 15 16 16 16 18 18 19 19 19 21 25 25 23 23 23 22 22 21 21 19 19 19 18 18 18 18 18 19 19 21 21 21 22 22 23 23 25 25 25 27 27 28 28 29 29 29 23 23 22 22 22 21 21 25 25 25 23 23 23 22 22 22 21 19 19 19 18 18 16 16 16 15 15 12 12 12 10 10 8 8 8 8 10 12 12 15 15 15 16 16 18 18 18 19 19 21 19 19 19 21 21 22 22 22 23 23 23 25 25 25 25 27 27 28 28 28 29 29 29 30 30 30 38 58 51 41 48 48 48 48 48 16 19 12 18 18 18 18 28 21
23 23 22 22 22 21 21 19 19 18 18 16 22 21 21 19 19 19 19 18 18 18 16 16 16 15 16 16 18 18 19 19 19 21 21 25 25 25 23 23 22 22 21 21 21 19 19 19 18 18 18 19 19 19 21 21 22 22 22 23 23 25 25 27 27 28 28 28 29 29 29 25 23 23 22 22 22 21 27 25 25 25 23 23 23 22 22 21 21 19 19 19 18 18 16 16 16 15 15 15 12 10 10 8 8 8 8 8 10 12 12 15 15 16 16 16 18 18 18 19 19 19 19 21 21 21 22 22 23 23 23 23 25 25 25 27 27 28 28 28 29 29 29 29 30 30 30 38 58 49 39 48 48 48 48 48 16 19 15 18 19 19 18 28 19
23 23 23 22 22 22 21 19 19 19 18 18 22 22 21 21 21 19 19 19 18 18 18 16 16 15 16 18 18 18 19 19 21 21 21 27 25 25 25 23 23 22 22 21 21 21 19 19 19 18 19 19 19 21 21 22 22 22 23 23 25 25 25 27 27 28 28 29 29 29 30 25 23 23 23 22 22 22 27 27 25 25 25 23 23 23 22 22 21 21 19 19 19 18 18 16 16 16 15 15 15 12 10 10 8 8 8 8 10 10 12 12 15 15 16 16 16 18 18 18 19 19 21 21 21 22 22 22 23 23 25 25 25 25 27 27 27 28 28 29 29 29 29 30 30 30 30 39 59 49 39 49 49 49 49 49 16 19 15 19 19 19 18 29 19
25 25 23 23 22 22 21 21 19 19 19 18 22 22 21 21 21 21 19 19 19 18 18 16 16 16 18 18 18 19 19 21 21 21 22 27 27 25 25 23 23 23 22 22 21 21 21 19 19 19 19 19 21 21 21 22 22 23 23 25 25 25 27 27 27 28 29 29 29 29 30 25 25 23 23 23 22 22 27 27 25 25 25 25 23 23 23 22 21 21 21 19 19 18 18 18 16 16 15 15 15 12 12 10 10 8 8 8 8 10 10 12 12 15 15 16 16 16 18 18 19 21 21 21 22 22 23 23 23 25 25 25 25 27 27 27 28 28 28 29 29 29 30 30 30 30 30 39 59 49 39 49 49 49 49 49 18 21 15 19 19 19 19 29 19
25 25 25 23 23 22 22 21 21 19 19 19 23 22 22 22 21 21 21 19 19 19 18 18 18 16 18 19 19 19 21 21 21 22 22 27 27 25 25 25 23 23 23 22 22 21 21 21 21 19 21 21 21 22 22 22 23 23 25 25 25 27 27 27 28 28 29 29 29 30 30 25 25 25 23 23 23 22 27 27 27 27 25 25 25 23 23 22 22 21 21 21 19 19 18 18 18 16 16 16 15 15 15 12 12 10 10 8 8 8 10 10 12 15 15 15 15 16 16 18 18 21 21 22 22 22 23 23 25 25 25 25 27 27 27 28 28 28 29 29 29 29 30 30 30 30 30 41 68 48 38 49 49 49 49 49 18 21 16 21 21 21 19 29 18
25 25 25 25 23 23 22 21 21 21 19 19 23 23 22 22 22 21 21 21 19 19 19 18 18 16 18 19 19 21 21 21 22 22 22 27 27 27 25 25 25 23 23 23 22 22 22 21 21 19 21 21 21 22 22 23 23 23 25 25 25 27 27 28 28 29 29 29 30 30 30 27 25 25 25 23 23 23 28 27 27 27 25 25 25 25 23 23 22 22 21 21 21 19 19 18 18 18 16 16 16 15 15 15 12 12 10 10 8 8 8 10 10 12 15 15 15 15 16 16 18 21 22 22 23 23 23 25 25 25 25 27 27 27 27 28 28 29 29 29 29 30 30 30 30 30 30 41 68 48 38 49 49 49 49 49 18 21 16 21 21 21 19 29 18
27 25 25 25 23 23 23 22 21 21 21 19 23 23 23 22 22 22 21 21 21 19 19 19 18 18 19 19 19 21 21 22 22 22 23 28 27 27 27 25 25 25 23 23 23 22 22 21 21 21 21 22 22 22 23 23 23 25 25 25 27 27 28 28 28 29 29 30 30 30 30 27 25 25 25 25 23 23 28 28 27 27 27 25 25 25 25 23 23 22 22 21 21 19 19 19 18 18 18 16 16 16 15 15 15 12 12 10 10 8 8 8 10 12 12 12 15 15 15 16 16 22 22 22 23 23 25 25 25 25 27 27 27 27 28 28 29 29 29 29 30 30 30 30 30 30 30 41 66 46 36 50 50 50 50 50 19 22 16 21 21 22 21 30 16
27 27 25 25 25 25 23 22 22 21 21 21 25 23 23 23 22 22 22 21 21 21 21 19 19 18 19 21 21 21 22 22 22 23 23 28 28 27 27 27 25 25 25 23 23 23 22 22 22 21 22 22 22 23 23 23 25 25 25 27 27 27 28 28 29 29 30 30 30 30 30 27 27 27 25 25 25 23 28 28 28 27 27 27 25 25 25 23 23 22 22 22 21 21 19 19 19 18 18 18 16 16 16 15 15 15 12 12 10 10 8 8 8 10 10 12 12 15 15 15 16 22 23 23 23 25 25 25 25 27 27 27 27 28 28 28 29 29 29 30 30 30 30 30 30 30 30 76 66 46 36 50 50 50 50 50 19 22 18 22 22 22 21 30 16
27 27 27 25 25 25 23 23 22 22 22 21 25 25 23 23 23 23 22 22 22 21 21 19 19 18 21 21 21 22 22 23 23 23 25 28 28 28 27 27 27 25 25 25 23 23 23 22 22 22 22 22 23 23 23 25 25 25 27 27 27 28 28 29 29 29 30 30 30 30 30 27 27 27 27 25 25 25 29 28 28 28 27 27 27 27 25 25 23 23 23 22 22 21 21 21 19 19 18 18 18 16 16 16 15 15 15 12 12 10 10 8 8 8 10 10 12 12 15 15 16 23 23 23 25 25 25 25 27 27 27 27 28 28 28 29 29 29 30 30 30 30 30 30 30 30 30 76 66 46 36 50 50 50 50 50 21 23 18 22 22 22 22 30 16
28 27 27 27 27 25 25 23 23 22 22 22 25 25 25 25 23 23 23 22 22 22 21 21 21 19 21 22 22 22 23 23 23 25 25 29 28 28 28 27 27 27 25 25 25 25 23 23 23 22 23 23 23 25 25 25 25 27 27 27 28 28 29 29 29 30 30 30 30 30 30 28 27 27 27 27 25 25 29 29 28 28 28 28 27 27 27 25 25 23 23 23 22 22 21 21 21 19 19 19 18 18 18 16 16 16 15 15 15 12 12 10 8 8 8 8 10 10 12 12 15 23 23 25 25 25 27 27 27 27 28 28 28 28 29 29 29 30 30 30 30 30 30 30 30 30 30 75 65 45 35 50 50 50 50 50 21 23 19 23 23 23 22 30 15
28 28 27 27 27 25 25 23 23 23 22 22 27 25 25 25 25 23 23 23 22 22 22 21 21 19 21 22 22 23 23 23 25 25 25 29 29 28 28 28 27 27 27 25 25 25 25 23 23 22 23 23 23 25 25 25 27 27 27 28 28 28 29 29 29 30 30 30 30 30 30 28 28 27 27 27 27 25 29 29 29 28 28 28 27 27 27 25 25 25 23 23 23 22 22 21 21 21 19 19 19 18 18 18 16 16 16 15 15 15 12 10 10 8 8 8 8 10 12 12 15 23 25 25 25 25 27 27 27 28 28 28 28 29 29 29 30 30 30 30 30 30 30 30 30 30 30 75 65 45 35 50 50 50 50 50 21 23 19 23 23 23 22 30 15
28 28 28 27 27 27 25 25 23 23 23 22 27 27 25 25 25 25 23 23 23 22 22 22 21 21 22 22 22 23 23 25 25 25 25 29 29 28 28 28 27 27 27 27 25 25 25 23 23 23 23 23 25 25 25 27 27 27 27 28 28 29 29 29 29 30 30 30 30 30 30 28 28 28 27 27 27 27 29 29 29 28 28 28 28 27 27 27 25 25 25 23 23 22 22 22 21 21 21 19 19 19 18 18 18 16 16 16 15 15 12 12 10 8 8 8 8 10 10 12 12 25 25 25 25 27 27 27 28 28 28 28 29 29 29 29 30 30 30 30 30 30 30 30 30 30 30 72 62 42 32 50 50 50 50 50 22 25 19 23 23 23 23 30 12
28 28 28 28 27 27 27 25 25 23 23 23 27 27 27 25 25 25 25 23 23 23 22 22 22 21 22 23 23 23 25 25 25 25 27 29 29 29 28 28 28 27 27 27 25 25 25 25 25 23 25 25 25 25 27 27 27 27 28 28 28 29 29 29 30 30 30 30 30 30 30 29 28 28 28 27 27 27 29 29 29 29 28 28 28 28 27 27 27 25 25 25 23 23 22 22 22 21 21 21 19 19 19 18 18 18 16 16 15 15 15 12 12 10 8 8 8 8 10 10 12 25 25 25 27 27 27 28 28 28 28 29 29 29 29 30 30 30 30 30 30 30 30 30 30 30 30 72 62 42 32 50 50 50 50 50 22 25 21 25 25 25 23 30 12
29 28 28 28 27 27 27 25 25 25 23 23 27 27 27 27 25 25 25 25 23 23 23 22 22 21 22 23 23 25 25 25 25 27 27 29 29 29 29 28 28 28 27 27 27 25 25 25 25 23 25 25 25 25 27 27 27 28 28 28 29 29 29 30 30 30 30 30 30 30 30 29 28 28 28 28 27 27 30 29 29 29 29 28 28 28 28 27 27 25 25 25 25 23 23 22 22 22 21 21 21 19 19 19 18 18 18 16 16 15 15 15 12 10 10 10 8 8 8 10 10 25 25 27 27 27 28 28 28 28 29 29 29 29 29 30 30 30 30 30 30 30 30 30 30 30 30 70 60 40 30 50 50 50 50 50 22 25 21 25 25 25 23 30 10
29 29 28 28 28 27 27 25 25 25 25 23 28 27 27 27 27 25 25 25 25 23 23 23 22 22 23 23 23 25 25 25 27 27 27 30 29 29 29 29 28 28 28 27 27 27 27 25 25 25 25 25 25 27 27 27 28 28 28 29 29 29 30 30 30 30 30 30 30 30 30 29 29 28 28 28 28 27 30 30 29 29 29 29 28 28 28 27 27 27 25 25 25 23 23 23 22 22 22 21 21 21 19 19 19 18 18 18 16 16 15 15 15 12 12 10 10 8 8 8 10 25 27 27 27 28 28 28 28 29 29 29 29 29 30 30 30 30 30 30 30 30 30 30 30 30 30 70 60 40 30 50 50 50 50 50 23 25 21 25 25 25 25 30 10
29 29 29 28 28 28 27 27 25 25 25 25 28 28 27 27 27 27 25 25 25 25 23 23 23 22 23 25 25 25 25 27 27 27 27 30 30 29 29 29 28 28 28 28 27 27 27 25 25 25 25 27 27 27 27 28 28 28 29 29 29 29 30 30 30 30 30 30 30 30 30 29 29 29 28 28 28 28 30 30 30 29 29 29 29 28 28 28 27 27 27 25 25 25 23 23 23 22 22 22 21 21 21 19 19 19 18 18 18 16 16 15 15 12 12 12 10 10 8 8 8 27 27 27 28 28 28 28 29 29 29 29 29 30 30 30 30 30 30 30 30 30 30 30 30 30 30 68 58 38 28 50 50 50 50 50 23 27 22 25 25 27 25 30 8
29 29 29 29 28 28 28 27 27 27 25 25 28 28 28 28 27 27 27 27 25 25 25 25 23 23 25 25 25 27 27 27 27 28 28 30 30 30 29 29 29 29 28 28 28 27 27 27 27 25 27 27 27 27 28 28 28 29 29 29 29 30 30 30 30 30 30 30 30 30 30 30 29 29 29 29 28 28 30 30 30 30 29 29 29 29 29 28 28 27 27 27 27 25 25 25 23 23 23 22 22 22 21 21 21 19 19 19 18 18 16 16 16 15 15 12 12 10 10 8 8 27 27 28 28 28 29 29 29 29 29 30 30 30 30 30 30 30 30 30 30 30 30 30 30 30 30 60 50 30 20 50 50 50 50 50 25 27 22 27 27 27 25 30 8
19 18 18 18 16 16 16 15 15 16 16 16 23 23 22 22 22 21 21 21 19 19 19 18 18 16 18 18 18 19 19 21 21 21 22 21 21 19 19 19 18 18 16 16 16 15 12 12 10 10 10 12 12 15 15 15 16 16 18 18 18 19 21 21 22 22 23 25 25 25 27 18 16 16 16 15 15 12 19 19 18 18 18 16 16 16 15 15 12 10 8 8 10 10 12 15 15 15 16 16 16 18 18 18 19 19 19 21 21 21 22 22 23 23 23 25 25 25 25 27 27 8 10 15 15 16 16 16 18 18 18 19 19 21 21 21 22 22 23 25 25 25 25 27 27 27 28 70 60 40 30 45 45 45 45 45 18 15 16 10 8 12 10 25 27
19 19 19 18 18 16 16 15 15 16 16 18 23 23 22 22 22 22 21 21 21 19 19 18 18 18 18 18 19 19 21 21 21 22 22 22 21 21 19 19 18 18 16 16 16 15 15 12 12 10 10 8 8 10 12 12 15 15 16 18 18 19 19 21 21 22 23 23 23 25 25 18 18 16 16 15 15 15 21 19 19 18 18 18 16 16 15 15 12 10 10 8 10 12 12 15 15 15 16 16 16 18 18 19 19 19 21 21 21 22 22 23 23 23 25 25 25 25 27 27 27 10 8 10 12 15 15 15 16 16 16 18 18 19 19 19 21 21 22 23 23 23 25 25 25 27 27 72 62 42 32 43 43 43 43 43 18 15 16 12 8 8 10 23 27
21 19 19 19 18 18 16 15 16 16 16 18 25 23 23 23 22 22 22 21 21 21 19 19 19 18 18 19 19 21 21 21 22 22 22 22 22 21 21 19 19 18 18 18 16 16 15 15 12 12 10 10 10 12 12 15 15 15 16 18 18 19 19 21 21 22 23 23 23 25 25 19 19 19 18 18 18 16 22 22 21 21 19 19 19 18 18 16 16 15 15 15 12 12 15 15 15 16 16 18 18 18 19 19 19 21 21 21 22 22 22 23 23 25 25 25 25 27 27 27 28 15 10 8 8 10 12 12 15 15 15 15 16 16 18 18 19 19 21 21 22 22 23 23 25 25 25 72 62 42 32 43 43 43 43 43 18 15 18 12 15 10 12 23 28
21 21 19 19 19 18 18 16 16 18 18 19 25 25 23 23 23 23 22 22 22 21 21 19 19 18 19 19 21 21 21 22 22 23 23 23 22 22 21 21 19 19 18 18 18 16 16 15 15 15 12 12 12 15 15 15 16 16 18 18 18 19 21 21 22 22 23 25 25 25 27 21 19 19 19 18 18 18 23 22 22 21 21 21 19 19 18 18 16 16 15 15 15 15 15 16 16 16 18 18 18 19 19 19 21 21 21 22 22 23 23 23 25 25 25 25 27 27 27 28 28 15 12 8 8 8 10 10 12 12 15 15 15 16 16 18 18 19 19 21 21 21 22 22 23 23 25 75 65 45 35 45 45 45 45 45 19 16 18 15 15 12 15 25 28
21 21 21 19 19 19 18 16 18 18 18 19 25 25 25 23 23 23 22 22 22 22 21 21 19 19 19 21 21 21 22 22 22 23 23 23 23 22 22 21 21 19 19 18 18 18 16 15 15 15 12 12 12 15 15 16 16 16 18 18 19 19 21 21 22 23 25 25 25 25 27 21 21 19 19 19 18 18 23 22 22 22 21 21 19 19 19 18 18 16 16 15 15 15 16 16 16 18 18 18 19 19 19 21 21 21 22 22 22 23 23 25 25 25 25 27 27 27 28 28 28 16 15 10 8 8 8 10 10 12 12 15 15 15 16 16 18 18 19 19 21 21 22 22 23 23 25 75 65 45 35 45 45 45 45 45 19 16 18 15 15 12 15 25 28
22 22 21 21 19 19 19 18 18 18 19 19 27 25 25 25 25 23 23 23 22 22 22 21 21 19 21 21 21 22 22 23 23 23 25 23 23 22 22 22 21 21 19 19 18 18 16 16 16 15 15 15 15 15 16 16 16 18 18 19 19 21 21 22 22 23 25 25 25 27 27 22 21 21 21 19 19 19 23 23 22 22 22 21 21 21 19 19 18 16 16 16 16 16 16 16 18 18 19 19 19 21 21 21 22 22 22 23 23 23 25 25 25 27 27 27 27 28 28 28 29 16 15 12 10 8 8 8 10 10 12 12 15 15 15 16 16 18 18 19 19 21 21 22 22 23 23 76 66 46 36 45 45 45 45 45 21 18 19 16 16 15 15 25 29
22 22 21 21 21 19 19 18 18 19 19 21 27 25 25 25 25 25 23 23 23 22 22 21 21 19 21 21 22 22 23 23 23 25 25 25 23 23 22 22 21 21 19 19 19 18 18 16 16 16 15 15 15 16 16 16 18 18 19 19 21 21 22 22 23 23 25 25 27 27 27 22 22 21 21 19 19 19 25 23 23 22 22 22 21 21 19 19 18 18 16 16 16 16 16 18 18 18 19 19 19 21 21 22 22 22 22 23 23 25 25 25 25 27 27 27 28 28 28 28 29 16 15 12 10 10 8 8 8 10 10 12 12 15 15 15 16 18 18 19 19 19 21 21 22 22 23 76 66 46 36 45 45 45 45 45 21 18 19 16 16 15 16 25 29
23 22 22 22 21 21 19 18 19 19 19 21 27 27 27 25 25 25 25 23 23 23 22 22 22 21 21 22 22 23 23 23 25 25 25 25 25 23 23 22 22 21 21 21 19 19 18 18 16 16 16 15 16 16 16 18 18 18 19 21 21 22 22 23 23 25 25 27 27 27 28 23 22 22 21 21 21 19 25 25 23 23 22 22 22 21 21 19 19 18 18 18 16 16 18 18 19 19 19 21 21 21 22 22 22 23 23 23 25 25 25 25 27 27 27 28 28 28 28 29 29 18 16 15 12 10 10 8 8 8 8 10 12 12 15 15 16 16 16 18 19 19 21 21 21 22 22 76 66 46 36 47 47 47 47 47 21 18 21 16 18 15 16 27 29
23 23 22 22 22 21 21 19 19 21 21 21 27 27 27 27 25 25 25 25 23 23 23 22 22 21 22 22 22 23 23 25 25 25 25 25 25 23 23 23 22 22 21 21 21 19 18 18 18 16 16 16 16 16 18 18 19 19 19 21 21 22 22 23 23 25 27 27 27 28 28 23 22 22 22 21 21 21 25 25 23 23 23 22 22 22 21 21 19 19 18 18 18 18 18 19 19 19 21 21 21 22 22 22 23 23 23 25 25 25 25 27 27 27 28 28 28 28 29 29 29 18 16 15 12 12 10 10 8 8 8 8 10 12 12 15 15 16 16 18 18 19 19 21 21 22 22 78 68 48 38 47 47 47 47 47 22 19 21 18 18 16 16 27 29
23 23 23 22 22 21 21 19 19 21 21 22 28 27 27 27 27 25 25 25 25 23 23 23 22 22 22 22 23 23 25 25 25 25 27 25 25 25 23 23 22 22 22 21 21 19 19 18 18 18 16 16 16 18 18 19 19 19 21 21 22 22 23 23 25 25 27 27 27 28 28 23 23 22 22 22 21 21 25 25 25 23 23 23 22 22 22 21 19 19 19 18 18 18 18 19 19 19 21 21 22 22 22 23 23 23 25 25 25 25 27 27 27 28 28 28 28 29 29 29 29 18 16 15 15 12 12 10 8 8 8 8 10 10 12 12 15 15 16 18 18 18 19 19 21 21 22 78 68 48 38 47 47 47 47 47 22 19 21 18 18 16 18 27 29
25 23 23 22 22 22 21 19 21 21 21 22 28 27 27 27 27 27 25 25 25 25 23 23 22 22 22 23 23 23 25 25 25 27 27 27 25 25 25 23 23 22 22 22 21 21 19 19 18 18 18 16 16 18 18 19 19 19 21 22 22 22 23 23 25 25 27 27 28 28 28 23 23 23 22 22 21 21 27 25 25 25 23 23 23 22 22 21 21 19 19 18 18 18 19 19 19 21 21 21 22 22 23 23 23 23 25 25 25 27 27 27 27 28 28 28 29 29 29 29 30 19 18 15 15 15 12 12 10 8 8 8 8 10 10 12 15 15 16 16 18 18 19 19 21 21 22 78 68 48 38 47 47 47 47 47 22 19 21 18 18 16 18 27 30
25 25 23 23 23 22 22 21 21 22 22 22 28 28 28 27 27 27 27 25 25 25 25 23 23 22 23 23 23 25 25 25 27 27 27 27 27 25 25 25 23 23 22 22 22 21 19 19 19 18 18 18 18 18 19 19 21 21 21 22 22 23 23 25 25 27 27 28 28 28 29 25 23 23 23 22 22 22 27 27 25 25 25 23 23 23 22 22 21 21 19 19 19 19 19 21 21 21 22 22 22 23 23 23 25 25 25 25 27 27 27 27 28 28 28 29 29 29 29 29 30 19 18 16 15 15 15 12 12 10 10 8 8 8 10 10 12 15 15 16 16 18 18 19 19 21 21 79 69 49 39 48 48 48 48 48 23 21 22 19 19 18 18 28 30
25 25 25 23 23 23 22 21 22 22 22 23 28 28 28 28 27 27 27 27 25 25 25 25 23 23 23 25 25 25 25 27 27 27 27 27 27 27 25 25 25 23 23 22 22 22 21 19 19 19 18 18 18 19 19 21 21 21 22 22 23 23 25 25 25 27 28 28 28 29 29 25 25 23 23 23 22 22 27 27 27 25 25 25 23 23 23 22 22 21 21 19 19 19 21 21 21 22 22 22 23 23 23 25 25 25 25 27 27 27 27 28 28 28 29 29 29 29 29 30 30 21 19 16 16 15 15 15 12 12 10 10 8 8 8 10 12 12 15 15 16 16 18 18 19 19 21 79 69 49 39 48 48 48 48 48 23 21 22 19 19 18 19 28 30
25 25 25 25 23 23 22 22 22 22 23 23 29 28 28 28 28 28 27 27 27 27 25 25 25 23 25 25 25 25 27 27 27 27 28 27 27 27 27 25 25 23 23 23 22 22 21 21 21 19 19 18 19 19 21 21 21 22 22 23 23 25 25 25 27 27 28 28 29 29 29 25 25 25 23 23 23 22 27 27 27 27 25 25 25 23 23 22 22 21 21 21 19 21 21 21 22 22 22 23 23 23 25 25 25 25 27 27 27 27 28 28 28 29 29 29 29 29 30 30 30 21 19 18 16 16 15 15 15 12 12 10 10 8 8 8 10 12 12 15 15 16 16 18 18 19 19 81 71 51 41 48 48 48 48 48 25 22 23 21 21 18 19 28 30
27 27 25 25 25 23 23 22 22 23 23 25 29 29 28 28 28 28 28 27 27 27 27 25 25 23 25 25 25 27 27 27 27 28 28 28 28 27 27 25 25 25 23 23 23 22 22 21 21 21 19 19 19 21 21 21 22 22 23 23 23 25 25 27 27 28 28 29 29 29 29 27 25 25 25 23 23 23 28 27 27 27 27 25 25 25 23 23 22 22 21 21 21 21 21 22 22 22 23 23 23 25 25 25 25 27 27 27 28 28 28 28 29 29 29 29 30 30 30 30 30 21 19 18 18 16 16 15 15 15 12 12 10 10 8 8 10 10 12 15 15 15 16 16 18 18 19 81 71 51 41 49 49 49 49 49 25 22 23 21 21 19 21 29 30
27 27 27 25 25 25 23 23 23 23 25 25 29 29 29 29 28 28 28 28 28 27 27 27 25 25 25 27 27 27 28 28 28 28 29 28 28 28 27 27 27 25 25 25 23 23 22 22 22 21 21 21 21 21 22 22 22 23 23 25 25 25 27 27 28 28 29 29 29 29 30 27 27 27 25 25 25 23 28 28 28 27 27 27 27 25 25 23 23 22 22 22 21 22 22 22 23 23 23 25 25 25 25 27 27 27 27 28 28 28 29 29 29 29 30 30 30 30 30 30 30 22 21 19 18 18 16 16 16 15 15 15 12 12 10 10 8 8 8 12 12 15 15 16 16 18 18 82 72 52 42 49 49 49 49 49 25 23 25 22 22 21 21 29 30
28 27 27 27 25 25 25 23 23 25 25 25 30 29 29 29 29 29 28 28 28 28 27 27 27 25 27 27 27 27 28 28 28 29 29 29 28 28 28 27 27 27 25 25 25 23 23 22 22 22 21 21 21 22 22 22 23 23 25 25 25 27 27 27 28 29 29 29 29 30 30 27 27 27 27 25 25 25 29 28 28 28 27 27 27 27 25 25 23 23 22 22 22 22 22 23 23 23 25 25 25 27 27 27 27 28 28 28 28 29 29 29 29 30 30 30 30 30 30 30 30 22 21 19 19 18 18 18 16 16 15 15 15 12 12 10 8 8 8 10 12 12 15 15 16 16 18 82 72 52 42 49 49 49 49 49 27 23 25 22 22 21 22 29 30
28 28 27 27 27 25 25 23 25 25 25 27 30 30 29 29 29 29 29 28 28 28 28 27 27 27 27 27 27 28 28 28 29 29 29 29 29 28 28 28 27 27 27 25 25 25 23 23 22 22 22 21 22 22 22 23 23 23 25 25 27 27 27 28 28 29 29 29 30 30 30 28 27 27 27 25 25 25 29 28 28 28 28 27 27 27 25 25 25 23 23 22 22 22 23 23 25 25 25 25 27 27 27 27 28 28 28 28 29 29 29 29 30 30 30 30 30 30 30 30 30 23 22 21 19 19 18 18 16 16 16 16 15 15 12 12 8 8 8 10 10 12 15 15 15 16 18 82 72 52 42 49 49 49 49 49 27 23 25 22 22 21 22 29 30
28 28 28 28 27 27 27 25 25 27 27 27 30 30 30 30 29 29 29 29 29 29 28 28 28 28 28 28 28 28 29 29 29 29 29 29 29 29 28 28 28 27 27 27 27 25 25 23 23 23 22 22 22 23 23 25 25 25 25 27 27 28 28 28 29 29 30 30 30 30 30 28 28 28 27 27 27 25 29 29 29 28 28 28 28 27 27 27 25 25 23 23 23 23 25 25 25 25 27 27 27 27 28 28 28 28 29 29 29 29 29 30 30 30 30 30 30 30 30 30 30 25 23 21 21 19 19 19 18 18 18 16 16 15 15 15 12 10 10 8 8 10 10 12 15 15 16 83 73 53 43 50 50 50 50 50 28 25 27 23 23 22 23 30 30
29 28 28 28 28 27 27 25 27 27 27 27 30 30 30 30 30 29 29 29 29 29 28 28 28 28 28 28 28 29 29 29 29 29 30 29 29 29 29 28 28 28 27 27 27 27 25 25 25 23 23 22 23 23 25 25 25 25 27 27 27 28 28 29 29 29 30 30 30 30 30 28 28 28 28 27 27 27 29 29 29 29 28 28 28 28 27 27 25 25 25 25 23 23 25 25 25 27 27 27 27 28 28 28 28 29 29 29 29 29 30 30 30 30 30 30 30 30 30 30 30 25 23 22 21 21 19 19 19 18 18 18 16 16 15 15 12 12 10 8 8 8 10 12 12 15 15 85 75 55 45 50 50 50 50 50 28 25 27 25 25 22 23 30 30
29 29 28 28 28 28 27 27 27 27 27 28 30 30 30 30 30 30 29 29 29 29 28 28 28 28 28 28 29 29 29 29 29 30 30 30 30 29 29 29 28 28 28 27 27 27 25 25 25 25 23 23 23 23 25 25 25 27 27 27 28 28 29 29 29 30 30 30 30 30 30 29 28 28 28 28 27 27 30 29 29 29 29 28 28 28 28 27 27 25 25 25 25 25 25 25 27 27 27 27 28 28 28 28 29 29 29 29 29 30 30 30 30 30 30 30 30 30 30 30 30 25 23 22 21 21 21 19 19 19 18 18 18 16 16 15 15 12 12 10 8 8 8 10 12 12 15 85 75 55 45 50 50 50 50 50 28 27 27 25 25 23 25 30 30
29 29 29 29 28 28 28 27 27 28 28 28 30 30 30 30 30 30 30 30 29 29 28 29 29 28 28 29 29 29 29 30 30 30 30 30 30 30 29 29 29 28 28 28 28 27 27 25 25 25 25 23 25 25 25 27 27 27 27 28 28 29 29 29 29 30 30 30 30 30 30 29 29 29 28 28 28 27 30 30 29 29 29 29 29 28 28 27 27 27 25 25 25 25 27 27 27 27 28 28 28 28 29 29 29 29 29 30 30 30 30 30 30 30 30 30 30 30 30 30 30 25 25 23 22 22 21 21 21 19 19 19 18 18 16 16 15 15 15 10 10 8 8 8 10 12 12 85 75 55 45 50 50 50 50 50 28 27 28 25 25 23 25 30 30
29 29 29 29 29 28 28 27 28 28 28 28 30 30 30 30 30 30 30 30 30 30 28 29 29 28 29 29 29 29 30 30 30 30 30 30 30 30 30 29 29 29 28 28 28 28 27 27 27 25 25 25 25 25 27 27 27 27 28 28 28 29 29 29 30 30 30 30 30 30 30 29 29 29 29 28 28 28 30 30 30 29 29 29 29 29 28 28 27 27 27 27 25 25 27 27 27 28 28 28 28 29 29 29 29 29 30 30 30 30 30 30 30 30 30 30 30 30 30 30 30 27 25 23 22 22 22 21 21 21 19 19 19 18 18 16 16 15 15 12 12 10 8 8 8 10 12 87 77 57 47 50 50 50 50 50 29 27 28 27 27 25 25 30 30
30 30 29 29 29 29 28 28 28 28 28 29 30 30 30 30 30 30 30 30 30 30 28 29 29 29 29 29 29 30 30 30 30 30 30 30 30 30 30 30 29 29 29 29 28 28 27 27 27 27 25 25 25 27 27 27 27 28 28 29 29 29 29 30 30 30 30 30 30 30 30 30 29 29 29 29 28 28 30 30 30 30 29 29 29 29 29 28 28 27 27 27 27 27 27 27 28 28 28 29 29 29 29 29 30 30 30 30 30 30 30 30 30 30 30 30 30 30 30 30 30 27 25 25 23 23 22 22 21 21 21 21 19 19 18 18 16 16 15 15 12 12 10 8 8 8 10 87 77 57 47 50 50 50 50 50 29 28 29 27 27 25 27 30 30
30 30 30 29 29 29 29 28 28 29 29 29 30 30 30 30 30 30 30 30 30 30 28 30 29 29 29 30 30 30 30 30 30 30 30 30 30 30 30 30 30 29 29 29 29 28 28 27 27 27 27 25 27 27 27 28 28 28 28 29 29 29 30 30 30 30 30 30 30 30 30 30 30 29 29 29 29 28 30 30 30 30 30 30 29 29 29 29 28 28 27 27 27 27 28 28 28 28 29 29 29 29 29 30 30 30 30 30 30 30 30 30 30 30 30 30 30 30 30 30 30 27 27 25 23 23 23 22 22 22 21 21 21 19 19 18 18 16 16 15 15 12 12 10 8 8 8 87 77 57 47 50 50 50 50 50 29 28 29 27 27 25 27 30 30
30 30 30 30 29 29 29 28 29 29 29 29 30 30 30 30 30 30 30 30 30 30 28 30 30 29 30 30 30 30 30 30 30 30 30 30 30 30 30 30 30 30 29 29 29 29 28 28 28 27 27 27 27 27 28 28 28 28 29 29 29 30 30 30 30 30 30 30 30 30 30 30 30 30 30 29 29 29 30 30 30 30 30 30 30 29 29 29 29 28 28 28 28 28 28 28 29 29 29 29 29 30 30 30 30 30 30 30 30 30 30 30 30 30 30 30 30 30 30 30 30 28 27 25 25 25 23 23 22 22 22 22 21 21 19 19 18 18 18 16 15 15 12 12 10 8 8 88 78 58 48 50 50 50 50 50 30 28 29 28 28 27 27 30 30
38 36 36 36 35 35 32 30 32 32 32 35 42 42 41 41 41 39 39 39 38 38 28 36 36 38 35 36 36 38 38 38 39 39 39 39 39 38 38 36 36 35 35 35 32 32 28 28 28 28 30 30 30 32 35 35 35 36 36 38 38 39 39 41 41 42 43 43 45 45 45 38 38 38 36 36 35 35 41 39 39 39 38 38 38 36 36 35 35 32 30 30 28 30 30 32 32 35 35 35 36 36 36 38 38 38 39 39 41 41 41 76 76 75 75 72 72 70 70 68 60 70 72 72 75 75 76 76 76 78 78 78 79 79 81 81 82 82 82 83 85 85 85 87 87 87 88 20 20 30 50 63 63 63 63 63 35 30 35 28 30 30 28 43 60
58 56 56 56 55 55 52 50 52 52 52 55 62 62 61 61 61 59 59 59 58 58 28 56 56 58 55 56 56 58 58 58 59 59 59 59 59 58 58 56 56 55 55 55 52 52 48 48 48 48 50 50 50 52 55 55 55 56 56 58 58 59 59 61 61 62 63 63 65 65 65 58 58 58 56 56 55 55 61 59 59 59 58 58 58 56 56 55 55 52 50 50 48 50 50 52 52 55 55 55 56 56 56 58 58 58 59 59 68 68 66 66 66 65 65 62 62 60 60 58 50 60 62 62 65 65 66 66 66 68 68 68 69 69 71 71 72 72 72 73 75 75 75 77 77 77 78 20 20 20 30 83 83 83 83 83 55 50 55 48 50 50 48 63 50
68 66 66 66 65 65 62 60 62 62 62 65 72 72 71 71 71 69 69 69 68 68 28 66 66 68 65 66 66 68 68 68 69 69 69 69 69 68 68 66 66 65 65 65 62 62 58 58 58 58 60 60 60 62 65 65 65 66 66 68 68 69 69 71 71 72 73 73 75 75 75 68 68 68 66 66 65 65 71 69 69 69 68 68 68 66 66 65 65 62 60 60 58 60 60 62 62 65 65 65 66 66 66 51 51 49 49 49 48 48 46 46 46 45 45 42 42 40 40 38 30 60 42 42 45 45 46 46 46 48 48 48 49 49 51 51 52 52 52 53 55 55 55 57 57 57 58 30 20 20 20 93 93 93 93 93 65 60 65 58 60 60 58 73 30
78 76 76 76 75 75 72 70 72 72 72 75 82 82 81 81 81 79 79 79 78 78 28 76 76 78 75 76 76 78 78 78 79 79 79 79 79 78 78 76 76 75 75 75 72 72 68 68 68 68 70 70 70 72 75 75 75 76 76 78 78 79 79 81 81 82 83 83 85 85 85 78 78 78 76 76 75 75 81 79 79 79 78 78 78 76 76 75 75 72 70 70 68 70 70 72 72 75 75 75 76 42 41 41 41 39 39 39 38 38 36 36 36 35 35 32 32 30 30 28 20 60 32 32 35 35 36 36 36 38 38 38 39 39 41 41 42 42 42 43 45 45 45 47 47 47 48 50 30 20 20 103 103 103 103 103 75 70 75 68 70 70 68 83 20
48 48 48 48 47 47 47 45 45 47 47 47 50 50 50 50 49 49 49 49 49 49 28 48 48 47 48 48 48 48 49 49 49 49 50 49 49 49 49 48 48 48 47 47 47 45 45 45 43 43 42 42 42 42 41 41 39 39 39 38 38 36 36 35 35 30 28 28 28 30 32 48 48 48 48 47 47 47 49 49 49 49 48 48 48 47 47 47 45 45 45 43 43 43 45 45 45 45 47 47 47 47 48 48 48 48 49 49 49 49 50 50 50 50 50 50 50 50 50 50 50 60 43 43 45 45 45 45 47 47 47 47 48 48 48 49 49 49 49 50 50 50 50 50 50 50 50 63 83 93 103 20 20 20 20 20 48 45 47 43 43 42 43 20 50
48 48 48 48 47 47 47 45 45 47 47 47 50 50 50 50 49 49 49 49 49 49 28 48 48 47 48 48 48 48 49 49 49 49 50 49 49 49 49 48 48 48 47 47 47 45 45 45 43 43 42 42 42 42 41 41 39 39 39 38 38 36 36 35 35 30 28 28 28 30 32 48 48 48 48 47 47 47 49 49 49 49 48 48 48 47 47 47 45 45 45 43 43 43 45 45 45 45 47 47 47 47 48 48 48 48 49 49 49 49 50 50 50 50 50 50 50 50 50 50 50 60 43 43 45 45 45 45 47 47 47 47 48 48 48 49 49 49 49 50 50 50 50 50 50 50 50 63 83 93 103 20 20 20 20 20 48 45 47 43 43 42 43 20 50
48 48 48 48 47 47 47 45 45 47 47 47 50 50 50 50 49 49 49 49 49 49 28 48 48 47 48 48 48 48 49 49 49 49 50 49 49 49 49 48 48 48 47 47 47 45 45 45 43 43 42 42 42 42 41 41 39 39 39 38 38 36 36 35 35 30 28 28 28 30 32 48 48 48 48 47 47 47 49 49 49 49 48 48 48 47 47 47 45 45 45 43 43 43 45 45 45 45 47 47 47 47 48 48 48 48 49 49 49 49 50 50 50 50 50 50 50 50 50 50 50 60 43 43 45 45 45 45 47 47 47 47 48 48 48 49 49 49 49 50 50 50 50 50 50 50 50 63 83 93 103 20 20 20 20 20 48 45 47 43 43 42 43 20 50
48 48 48 48 47 47 47 45 45 47 47 47 50 50 50 50 49 49 49 49 49 49 28 48 48 47 48 48 48 48 49 49 49 49 50 49 49 49 49 48 48 48 47 47 47 45 45 45 43 43 42 42 42 42 41 41 39 39 39 38 38 36 36 35 35 30 28 28 28 30 32 48 48 48 48 47 47 47 49 49 49 49 48 48 48 47 47 47 45 45 45 43 43 43 45 45 45 45 47 47 47 47 48 48 48 48 49 49 49 49 50 50 50 50 50 50 50 50 50 50 50 60 43 43 45 45 45 45 47 47 47 47 48 48 48 49 49 49 49 50 50 50 50 50 50 50 50 63 83 93 103 20 20 20 20 20 48 45 47 43 43 42 43 20 50
48 48 48 48 47 47 47 45 45 47 47 47 50 50 50 50 49 49 49 49 49 49 28 48 48 47 48 48 48 48 49 49 49 49 50 49 49 49 49 48 48 48 47 47 47 45 45 45 43 43 42 42 42 42 41 41 39 39 39 38 38 36 36 35 35 30 28 28 28 30 32 48 48 48 48 47 47 47 49 49 49 49 48 48 48 47 47 47 45 45 45 43 43 43 45 45 45 45 47 47 47 47 48 48 48 48 49 49 49 49 50 50 50 50 50 50 50 50 50 50 50 60 43 43 45 45 45 45 47 47 47 47 48 48 48 49 49 49 49 50 50 50 50 50 50 50 50 63 83 93 103 20 20 20 20 20 48 45 47 43 43 42 43 20 50
19 18 18 18 16 16 15 12 12 10 10 8 18 18 16 16 16 15 15 15 12 12 10 10 8 10 8 8 8 10 12 12 15 15 15 21 21 19 19 18 18 16 16 16 15 15 15 15 15 16 16 18 18 18 19 19 19 21 21 22 22 23 23 25 25 27 27 28 28 28 29 22 22 22 21 21 19 19 25 23 23 23 22 22 21 21 21 19 19 18 18 16 16 16 16 15 15 15 12 12 12 15 15 15 16 16 16 18 18 18 19 19 21 21 21 22 22 22 23 23 25 18 18 18 19 19 21 21 21 22 22 22 23 23 25 25 25 27 27 28 28 28 28 29 29 29 30 35 55 65 75 48 48 48 48 48 8 12 12 15 16 18 16 28 25
16 15 15 15 12 12 10 8 8 10 10 12 21 21 19 19 19 18 18 18 16 16 16 15 15 16 12 15 15 16 16 16 18 18 18 18 18 16 16 15 15 12 12 10 10 8 8 10 10 12 12 15 15 15 16 16 16 18 18 19 19 21 21 22 22 23 25 25 25 27 27 19 19 19 18 18 16 16 22 21 21 21 19 19 19 18 18 16 16 15 15 12 12 12 15 15 15 16 16 16 16 18 18 18 19 19 19 21 21 21 22 22 23 23 23 25 25 25 25 27 27 15 15 15 16 16 18 18 18 19 19 19 21 21 22 22 23 23 23 25 25 27 27 27 28 28 28 30 50 60 70 45 45 45 45 45 12 8 16 10 12 15 12 25 27
21 21 19 19 19 18 18 16 16 15 15 12 19 18 18 16 16 16 16 15 15 15 12 10 10 8 12 12 15 15 16 16 16 18 18 23 22 22 21 21 19 19 18 18 18 16 16 16 15 15 15 16 16 16 18 18 19 19 19 21 21 22 22 23 23 25 27 27 27 28 28 22 21 21 19 19 19 18 23 23 22 22 21 21 21 19 19 18 18 16 16 16 15 15 12 12 10 10 8 8 8 10 10 12 12 15 15 15 16 16 16 18 18 19 19 19 21 21 21 22 22 16 16 18 18 18 19 19 21 21 21 21 22 22 23 23 25 25 25 27 27 27 28 28 29 29 29 35 55 65 75 47 47 47 47 47 12 16 8 15 16 16 15 27 22
18 16 16 16 15 15 12 10 12 12 12 15 22 22 21 21 21 19 19 19 18 18 18 16 16 18 15 16 16 18 18 18 19 19 19 19 19 18 18 16 16 15 15 15 12 12 8 8 8 8 10 10 10 12 15 15 15 16 16 18 18 19 19 21 21 22 23 23 25 25 25 18 18 18 16 16 15 15 21 19 19 19 18 18 18 16 16 15 15 12 10 10 8 10 10 12 12 15 15 15 16 16 16 18 18 18 19 19 21 21 21 22 22 23 23 23 25 25 25 25 27 10 12 12 15 15 16 16 16 18 18 18 19 19 21 21 22 22 22 23 25 25 25 27 27 27 28 28 48 58 68 43 43 43 43 43 15 10 15 8 10 10 8 23 27
19 18 18 18 16 16 15 12 15 15 15 16 23 22 22 22 21 21 21 19 19 19 18 18 18 16 16 18 18 19 19 19 21 21 21 21 21 19 19 18 18 16 16 16 15 15 12 10 10 8 10 10 12 12 15 15 16 16 16 18 18 19 19 21 21 22 23 23 25 25 27 16 16 16 15 15 12 12 19 18 18 18 16 16 16 15 15 12 10 8 8 8 8 10 10 12 15 15 15 16 16 16 18 18 18 19 19 19 21 21 21 22 22 23 23 23 25 25 25 25 27 8 8 15 15 15 16 16 18 18 18 18 19 19 21 21 22 22 22 23 25 25 25 27 27 27 28 30 50 60 70 43 43 43 43 43 16 12 16 10 8 10 8 23 27
19 18 18 18 16 16 15 15 15 15 16 16 23 22 22 22 21 21 21 19 19 19 19 18 18 16 18 18 18 19 19 19 21 21 22 21 21 19 19 18 18 16 16 16 15 15 12 10 10 10 8 8 8 8 10 12 12 15 15 16 16 18 18 19 19 21 22 22 23 23 25 19 18 18 16 16 16 15 21 21 19 19 18 18 18 16 16 15 15 12 12 10 10 10 12 12 15 15 15 16 16 16 18 18 18 19 19 19 21 21 22 22 22 23 23 23 25 25 25 27 27 12 8 10 12 12 15 15 15 16 16 16 18 18 18 19 21 21 21 22 22 23 23 25 25 25 27 30 50 60 70 42 42 42 42 42 18 15 16 10 10 8 10 22 27
18 18 16 16 16 15 15 12 12 15 15 15 22 22 21 21 21 21 19 19 18 18 18 16 16 15 16 16 18 18 18 19 19 19 21 19 19 19 18 18 16 16 15 15 15 12 10 8 8 8 8 10 10 12 12 15 15 15 16 16 18 18 19 19 21 22 23 23 23 25 25 18 16 16 16 15 15 15 19 19 19 18 18 16 16 16 15 15 12 10 10 8 8 8 10 10 12 12 15 15 15 16 16 16 18 18 18 19 19 19 21 21 22 22 22 23 23 23 25 25 25 10 10 12 15 15 15 16 16 16 18 18 18 19 19 21 21 22 22 23 23 25 25 25 27 27 27 28 48 58 68 43 43 43 43 43 16 12 15 8 8 10 8 23 25
28 28 28 28 27 27 27 25 25 27 27 27 30 30 30 30 29 29 29 29 29 29 28 28 28 27 28 28 28 28 29 29 29 29 30 29 29 29 29 28 28 28 27 27 27 25 25 25 23 23 22 22 22 22 21 21 19 19 19 18 18 16 16 15 15 10 8 8 8 10 12 28 28 28 28 27 27 27 29 29 29 29 28 28 28 27 27 27 25 25 25 23 23 23 25 25 25 25 27 27 27 27 28 28 28 28 29 29 29 29 30 30 30 30 30 30 30 30 30 30 30 25 23 23 25 25 25 25 27 27 27 27 28 28 28 29 29 29 29 30 30 30 30 30 30 30 30 43 63 73 83 20 20 20 20 20 28 25 27 23 23 22 23 8 30
29 29 29 29 28 28 28 27 27 27 25 25 28 28 28 28 27 27 27 27 25 25 25 25 23 23 25 25 25 27 27 27 27 28 28 30 30 30 29 29 29 29 28 28 28 27 27 27 27 25 27 27 27 27 28 28 28 29 29 29 29 30 30 30 30 30 30 30 30 30 30 30 29 29 29 29 28 28 30 30 30 30 29 29 29 29 29 28 28 27 27 27 27 25 25 25 23 23 23 22 22 22 21 21 21 19 19 19 18 18 16 16 16 15 15 12 12 10 10 8 8 27 27 28 28 28 29 29 29 29 29 30 30 30 30 30 30 30 30 30 30 30 30 30 30 30 30 60 50 30 20 50 50 50 50 50 25 27 22 27 27 27 25 30 8
