164 152 156 155 154 153 152 164 0 0 0 0 0 0 0 0 0 0 0 0 0 0 0 0 0 0 0 0 0 0 0 0 0 0 0 0 0 0 0 0 0 0 0 0 0 0 0 0
240 180 180 180 180 180 240 0 0 0 0 0 0 0 0 0 0 0 0 0 0 0 0 0 0 0 0 0 0 0 0 0 0 0 0 0 0 0 0 0 0 0 0 0 0 0 0 0
165 151 150 149 148 175 176 160 0 0 0 0 0 0 0 0 0 0 0 0 0 0 0 0 0 0 0 0 0 0 0 0 0 0 0 0 0 0 0 0 0 0 0 0 0 0 0 0
240 300 420 480 60 60 60 0 0 0 0 0 0 0 0 0 0 0 0 0 0 0 0 0 0 0 0 0 0 0 0 0 0 0 0 0 0 0 0 0 0 0 0 0 0 0 0 0
160 176 175 148 149 150 151 165 0 0 0 0 0 0 0 0 0 0 0 0 0 0 0 0 0 0 0 0 0 0 0 0 0 0 0 0 0 0 0 0 0 0 0 0 0 0 0 0
60 60 60 480 420 300 240 0 0 0 0 0 0 0 0 0 0 0 0 0 0 0 0 0 0 0 0 0 0 0 0 0 0 0 0 0 0 0 0 0 0 0 0 0 0 0 0 0
44 45 46 158 47 48 49 50 51 52 53 54 55 56 57 58 59 60 61 62 63 64 65 66 67 68 69 70 71 0 0 0 0 0 0 0 0 0 0 0 0 0 0 0 0 0 0 0
180 120 240 180 120 180 240 180 240 120 180 180 120 180 180 180 180 180 180 180 120 180 240 240 120 180 180 120 0 0 0 0 0 0 0 0 0 0 0 0 0 0 0 0 0 0 0 0
36 37 38 39 40 41 42 43 44 45 46 158 47 48 49 50 51 52 53 54 55 56 57 58 59 60 61 62 63 64 65 66 67 68 69 70 71 0 0 0 0 0 0 0 0 0 0 0
180 180 180 120 180 180 180 60 180 120 240 180 120 180 240 180 240 120 180 180 120 180 180 180 180 180 180 180 120 180 240 240 120 180 180 120 0 0 0 0 0 0 0 0 0 0 0 0
71 70 69 68 67 66 65 64 63 62 61 60 59 58 57 56 55 54 53 52 51 50 49 48 47 158 46 45 44 43 42 41 40 39 38 37 36 0 0 0 0 0 0 0 0 0 0 0
120 180 180 120 240 240 180 120 180 180 180 180 180 180 180 120 180 180 120 240 180 240 180 120 180 240 120 180 60 180 180 180 120 180 180 180 0 0 0 0 0 0 0 0 0 0 0 0
147 146 145 144 143 142 141 140 139 138 137 136 135 134 133 132 131 130 129 128 127 126 125 124 167 162 123 161 166 122 0 0 0 0 0 0 0 0 0 0 0 0 0 0 0 0 0 0
180 120 180 120 180 120 180 120 180 360 180 60 180 180 180 180 120 240 180 120 240 180 120 120 120 60 480 60 60 0 0 0 0 0 0 0 0 0 0 0 0 0 0 0 0 0 0 0
122 166 161 123 162 167 124 125 126 127 128 129 130 131 132 133 134 135 136 137 138 139 140 141 142 143 144 145 146 147 0 0 0 0 0 0 0 0 0 0 0 0 0 0 0 0 0 0
60 60 480 60 120 120 120 180 240 120 180 240 120 180 180 180 180 60 180 360 180 120 180 120 180 120 180 120 180 0 0 0 0 0 0 0 0 0 0 0 0 0 0 0 0 0 0 0
13 14 15 16 17 18 19 20 21 22 23 24 25 173 174 26 159 26 174 173 25 24 23 22 21 20 19 18 17 16 15 14 13 0 0 0 0 0 0 0 0 0 0 0 0 0 0 0
120 180 120 180 120 180 120 120 180 180 120 120 60 60 60 120 120 60 60 60 120 120 180 180 120 120 180 120 180 120 180 120 0 0 0 0 0 0 0 0 0 0 0 0 0 0 0 0
13 14 15 16 17 18 19 20 21 22 23 24 25 171 172 157 172 171 25 24 23 22 21 20 19 18 17 16 15 14 13 0 0 0 0 0 0 0 0 0 0 0 0 0 0 0 0 0
120 180 120 180 120 180 120 120 180 180 120 120 180 180 180 180 180 180 120 120 180 180 120 120 180 120 180 120 180 120 0 0 0 0 0 0 0 0 0 0 0 0 0 0 0 0 0 0
1 2 3 4 5 6 7 8 9 10 11 12 27 28 29 30 31 32 33 34 35 0 0 0 0 0 0 0 0 0 0 0 0 0 0 0 0 0 0 0 0 0 0 0 0 0 0 0
120 120 180 180 120 180 120 180 120 180 180 120 180 120 180 180 120 120 180 540 0 0 0 0 0 0 0 0 0 0 0 0 0 0 0 0 0 0 0 0 0 0 0 0 0 0 0 0
35 34 33 32 31 30 29 28 27 12 11 10 9 8 7 6 5 4 3 2 1 0 0 0 0 0 0 0 0 0 0 0 0 0 0 0 0 0 0 0 0 0 0 0 0 0 0 0
540 180 120 120 180 180 120 180 120 180 180 120 180 120 180 120 180 180 120 120 0 0 0 0 0 0 0 0 0 0 0 0 0 0 0 0 0 0 0 0 0 0 0 0 0 0 0 0
113 112 111 110 109 108 107 106 105 104 103 102 101 100 99 98 97 96 95 94 163 93 92 169 170 91 90 89 78 77 76 75 74 73 72 0 0 0 0 0 0 0 0 0 0 0 0 0
120 120 180 120 180 120 180 120 180 120 180 120 180 120 180 120 120 180 120 180 120 120 60 60 60 120 120 180 180 180 180 180 120 180 0 0 0 0 0 0 0 0 0 0 0 0 0 0
113 112 111 110 109 108 107 106 105 104 103 102 101 100 99 98 97 96 95 94 163 93 92 169 170 91 90 89 168 88 87 86 85 84 83 82 81 80 79 0 0 0 0 0 0 0 0 0
120 120 180 120 180 120 180 120 180 120 180 120 180 120 180 120 120 180 120 180 120 120 60 60 60 120 120 120 120 120 180 180 180 180 180 180 120 180 0 0 0 0 0 0 0 0 0 0
121 120 119 118 117 116 115 114 113 112 111 110 109 108 107 106 105 104 103 102 101 100 99 98 97 96 95 94 163 93 92 169 170 91 90 89 78 77 76 75 74 73 72 0 0 0 0 0
120 180 120 120 120 180 120 120 120 120 180 120 180 120 180 120 180 120 180 120 180 120 180 120 120 180 120 180 120 120 60 60 60 120 120 180 180 180 180 180 120 180 0 0 0 0 0 0
121 120 119 118 117 116 115 114 113 112 111 110 109 108 107 106 105 104 103 102 101 100 99 98 97 96 95 94 163 93 92 169 170 91 90 89 168 88 87 86 85 84 83 82 81 80 79 0
120 180 120 120 120 180 120 120 120 120 180 120 180 120 180 120 180 120 180 120 180 120 180 120 120 180 120 180 120 120 60 60 60 120 120 120 120 120 180 180 180 180 180 180 120 180 0 0
72 73 74 75 76 77 78 89 90 91 170 169 92 93 163 94 95 96 97 98 99 100 101 102 103 104 105 106 107 108 109 110 111 112 113 114 115 116 117 118 119 120 121 0 0 0 0 0
180 120 180 180 180 180 180 120 120 60 60 60 120 120 180 120 180 120 120 180 120 180 120 180 120 180 120 180 120 180 120 180 120 120 120 120 180 120 120 120 180 120 0 0 0 0 0 0
79 80 81 82 83 84 85 86 87 88 168 89 90 91 170 169 92 93 163 94 95 96 97 98 99 100 101 102 103 104 105 106 107 108 109 110 111 112 113 114 115 116 117 118 119 120 121 0
180 120 180 180 180 180 180 180 120 120 120 120 120 60 60 60 120 120 180 120 180 120 120 180 120 180 120 180 120 180 120 180 120 180 120 180 120 120 120 120 180 120 120 120 180 120 0 0
